timestamp_utc,Open,High,Low,Close,Volume
2018-01-25T00:00:00.000000Z,0.13682200014591217,0.13682200014591217,0.13557299971580505,0.13603900372982025,4921770
2018-01-26T00:00:00.000000Z,0.13555499911308289,0.15955699980258942,0.091337002813816071,0.11937499791383743,13714100
2018-01-27T00:00:00.000000Z,0.11815699934959412,0.12093199789524078,0.091614000499248505,0.10097599774599075,7967360
2018-01-28T00:00:00.000000Z,0.10122399777173996,0.11249899864196777,0.095968000590801239,0.097295999526977539,20910700
2018-01-29T00:00:00.000000Z,0.0971670001745224,0.099823996424674988,0.077958002686500549,0.089271999895572662,12441600
2018-01-30T00:00:00.000000Z,0.089483998715877533,0.090735003352165222,0.072536997497081757,0.075442001223564148,7572320
2018-01-31T00:00:00.000000Z,0.075515002012252808,0.08697500079870224,0.073688998818397522,0.079577997326850891,17593500
2018-02-01T00:00:00.000000Z,0.079713001847267151,0.085468001663684845,0.061181999742984772,0.070626996457576752,17695000
2018-02-02T00:00:00.000000Z,0.070436999201774597,0.072434000670909882,0.055514000356197357,0.071312002837657928,10075100
2018-02-03T00:00:00.000000Z,0.071983002126216888,0.078080996870994568,0.06692100316286087,0.077855996787548065,12201700
2018-02-04T00:00:00.000000Z,0.077762998640537262,0.077762998640537262,0.058529999107122421,0.061721999198198318,10996500
2018-02-05T00:00:00.000000Z,0.060787998139858246,0.06409599632024765,0.043811000883579254,0.050485998392105103,7822880
2018-02-06T00:00:00.000000Z,0.050618000328540802,0.059211999177932739,0.038582999259233475,0.058781001716852188,9636530
2018-02-07T00:00:00.000000Z,0.058469999581575394,0.064336001873016357,0.052191998809576035,0.053837999701499939,9181470
2018-02-08T00:00:00.000000Z,0.053833000361919403,0.064465001225471497,0.053833000361919403,0.059211000800132751,13729000
2018-02-09T00:00:00.000000Z,0.058864999562501907,0.060357999056577682,0.054407998919487,0.060123000293970108,12234200
2018-02-10T00:00:00.000000Z,0.060109999030828476,0.061062999069690704,0.047742001712322235,0.050133999437093735,15163400
2018-02-11T00:00:00.000000Z,0.050553001463413239,0.053412001579999924,0.047286998480558395,0.050514001399278641,11548100
2018-02-12T00:00:00.000000Z,0.050725001841783524,0.053449999541044235,0.049715999513864517,0.052035000175237656,9872650
2018-02-13T00:00:00.000000Z,0.052643999457359314,0.053679000586271286,0.049667999148368835,0.05066400021314621,7100600
2018-02-14T00:00:00.000000Z,0.050682999193668365,0.056209001690149307,0.050682999193668365,0.054535999894142151,9617780
2018-02-15T00:00:00.000000Z,0.054464999586343765,0.060106001794338226,0.054455000907182693,0.058180999010801315,12114400
2018-02-16T00:00:00.000000Z,0.058373000472784042,0.061652999371290207,0.056226998567581177,0.061588998883962631,10428800
2018-02-17T00:00:00.000000Z,0.061560001224279404,0.071654997766017914,0.061055000871419907,0.071616999804973602,15153200
2018-02-18T00:00:00.000000Z,0.071872003376483917,0.072143003344535828,0.060825999826192856,0.064329996705055237,13177100
2018-02-19T00:00:00.000000Z,0.063482999801635742,0.068195000290870667,0.063482999801635742,0.067261002957820892,10106700
2018-02-20T00:00:00.000000Z,0.067259997129440308,0.068659000098705292,0.05778300017118454,0.05778300017118454,8398660
2018-02-21T00:00:00.000000Z,0.057914998382329941,0.061930999159812927,0.052804000675678253,0.055404998362064362,9700100
2018-02-22T00:00:00.000000Z,0.05539499968290329,0.058327000588178635,0.049890000373125076,0.050978001207113266,8557360
2018-02-23T00:00:00.000000Z,0.0508899986743927,0.057213000953197479,0.050149001181125641,0.053149998188018799,11871500
2018-02-24T00:00:00.000000Z,0.053291000425815582,0.055534001439809799,0.051373999565839767,0.052565999329090118,9066980
2018-02-25T00:00:00.000000Z,0.052506998181343079,0.053300000727176666,0.049136999994516373,0.050710998475551605,8974970
2018-02-26T00:00:00.000000Z,0.050645001232624054,0.055268000811338425,0.050298001617193222,0.053807001560926437,8151460
2018-02-27T00:00:00.000000Z,0.053939998149871826,0.054969001561403275,0.051766999065876007,0.052129000425338745,10371500
2018-02-28T00:00:00.000000Z,0.051722001284360886,0.05230100080370903,0.048523001372814178,0.048528000712394714,9077890
2018-03-01T00:00:00.000000Z,0.048509001731872559,0.0506259985268116,0.048172000795602798,0.049074999988079071,8320570
2018-03-02T00:00:00.000000Z,0.049164000898599625,0.05035800114274025,0.045370999723672867,0.046367999166250229,9165450
2018-03-03T00:00:00.000000Z,0.046356000006198883,0.048018001019954681,0.044172998517751694,0.047214999794960022,7736220
2018-03-04T00:00:00.000000Z,0.04714599996805191,0.051190998405218124,0.04628400132060051,0.04717700183391571,9399210
2018-03-05T00:00:00.000000Z,0.047276001423597336,0.077344000339508057,0.046415001153945923,0.052859999239444733,65687400
2018-03-06T00:00:00.000000Z,0.052884999662637711,0.055167000740766525,0.046817000955343246,0.047111000865697861,21991400
2018-03-07T00:00:00.000000Z,0.046987999230623245,0.048886999487876892,0.037640001624822617,0.041398998349905014,15166200
2018-03-08T00:00:00.000000Z,0.041464000940322876,0.043324001133441925,0.037239000201225281,0.037521000951528549,14997800
2018-03-09T00:00:00.000000Z,0.037402000278234482,0.041255999356508255,0.031132999807596207,0.040695000439882278,16646600
2018-03-10T00:00:00.000000Z,0.040623001754283905,0.050248999148607254,0.040130000561475754,0.043575998395681381,22847300
2018-03-11T00:00:00.000000Z,0.043565001338720322,0.055693000555038452,0.040644001215696335,0.051573000848293304,39127300
2018-03-12T00:00:00.000000Z,0.051306001842021942,0.052870001643896103,0.044358000159263611,0.046307999640703201,21471400
2018-03-13T00:00:00.000000Z,0.046332001686096191,0.049015000462532043,0.043512001633644104,0.046046998351812363,11401300
2018-03-14T00:00:00.000000Z,0.046199001371860504,0.049460999667644501,0.039287000894546509,0.040833000093698502,13565000
2018-03-15T00:00:00.000000Z,0.040915001183748245,0.042399000376462936,0.038467001169919968,0.041404999792575836,12966400
2018-03-16T00:00:00.000000Z,0.041476000100374222,0.046114999800920486,0.03966899961233139,0.042509999126195908,17237500
2018-03-17T00:00:00.000000Z,0.042610000818967819,0.044583998620510101,0.040483001619577408,0.040867000818252563,12451900
2018-03-18T00:00:00.000000Z,0.040833998471498489,0.041186001151800156,0.034292001277208328,0.040973998606204987,15158500
2018-03-19T00:00:00.000000Z,0.040647998452186584,0.048764001578092575,0.03997499868273735,0.046647001057863235,18843500
2018-03-20T00:00:00.000000Z,0.047130998224020004,0.048856999725103378,0.043230000883340836,0.047747001051902771,15458000
2018-03-21T00:00:00.000000Z,0.047919001430273056,0.0512860007584095,0.045717999339103699,0.047355998307466507,15342900
2018-03-22T00:00:00.000000Z,0.047352001070976257,0.0499580018222332,0.044456999748945236,0.047550998628139496,13273700
2018-03-23T00:00:00.000000Z,0.047534000128507614,0.052813000977039337,0.043180998414754868,0.052471999078989029,23123400
2018-03-24T00:00:00.000000Z,0.052731998264789581,0.056876000016927719,0.05153999850153923,0.053265001624822617,28038200
2018-03-25T00:00:00.000000Z,0.052326001226902008,0.054182000458240509,0.05132799968123436,0.052512001246213913,15468400
2018-03-26T00:00:00.000000Z,0.052475001662969589,0.052893999963998795,0.044314000755548477,0.048629999160766602,17981300
2018-03-27T00:00:00.000000Z,0.048608001321554184,0.04996199905872345,0.044771000742912292,0.046741001307964325,12606700
2018-03-28T00:00:00.000000Z,0.046629998832941055,0.0502609983086586,0.045788999646902084,0.049150999635457993,16719100
2018-03-29T00:00:00.000000Z,0.049341000616550446,0.04958299919962883,0.042197000235319138,0.043687000870704651,15434000
2018-03-30T00:00:00.000000Z,0.043605998158454895,0.046052001416683197,0.040499001741409302,0.046052001416683197,14811400
2018-03-31T00:00:00.000000Z,0.046041999012231827,0.049665998667478561,0.044943001121282578,0.045990999788045883,17077700
2018-04-01T00:00:00.000000Z,0.045974999666213989,0.047100000083446503,0.041237998753786087,0.043248001486063004,12316000
2018-04-02T00:00:00.000000Z,0.04339899867773056,0.045961000025272369,0.04316600039601326,0.044647999107837677,11052700
2018-04-03T00:00:00.000000Z,0.044640999287366867,0.046617001295089722,0.044557999819517136,0.04594700038433075,14360100
2018-04-04T00:00:00.000000Z,0.04594700038433075,0.04594700038433075,0.040947001427412033,0.041919000446796417,13151500
2018-04-05T00:00:00.000000Z,0.041917998343706131,0.042268998920917511,0.038910999894142151,0.040403999388217926,13784600
2018-04-06T00:00:00.000000Z,0.04035399854183197,0.040587000548839569,0.037631001323461533,0.037730000913143158,10410900
2018-04-07T00:00:00.000000Z,0.037650998681783676,0.04273499920964241,0.03737499937415123,0.040268000215291977,12700500
2018-04-08T00:00:00.000000Z,0.040417999029159546,0.043737001717090607,0.040359001606702805,0.041303999722003937,11796100
2018-04-09T00:00:00.000000Z,0.041351001709699631,0.042497999966144562,0.038153998553752899,0.039071999490261078,11600400
2018-04-10T00:00:00.000000Z,0.039117999374866486,0.041581001132726669,0.038001000881195068,0.040148001164197922,14359300
2018-04-11T00:00:00.000000Z,0.04013499990105629,0.043630998581647873,0.039994001388549805,0.043567001819610596,16861700
2018-04-12T00:00:00.000000Z,0.043542001396417618,0.060463998466730118,0.043542001396417618,0.058986999094486237,53354400
2018-04-13T00:00:00.000000Z,0.059128999710083008,0.060309998691082001,0.052705999463796616,0.054581001400947571,25675800
2018-04-14T00:00:00.000000Z,0.05434500053524971,0.058538999408483505,0.053263001143932343,0.055840000510215759,14614800
2018-04-15T00:00:00.000000Z,0.05597899854183197,0.063915997743606567,0.05597899854183197,0.063878998160362244,22095800
2018-04-16T00:00:00.000000Z,0.064057998359203339,0.067106999456882477,0.060318000614643097,0.0631600022315979,31678100
2018-04-17T00:00:00.000000Z,0.063179001212120056,0.068066999316215515,0.063005998730659485,0.063909001648426056,23477500
2018-04-18T00:00:00.000000Z,0.06387600302696228,0.06686999648809433,0.063763000071048737,0.06602100282907486,19429200
2018-04-19T00:00:00.000000Z,0.066014997661113739,0.068149000406265259,0.064327999949455261,0.0679749995470047,22792300
2018-04-20T00:00:00.000000Z,0.068002998828887939,0.081868000328540802,0.066940002143383026,0.081868000328540802,28539600
2018-04-21T00:00:00.000000Z,0.083555996417999268,0.1012910008430481,0.073651999235153198,0.08903300017118454,103145000
2018-04-22T00:00:00.000000Z,0.088515996932983398,0.10617499798536301,0.085910998284816742,0.099762000143527985,80243400
2018-04-23T00:00:00.000000Z,0.099817998707294464,0.10301599651575089,0.091885998845100403,0.095334999263286591,42858900
2018-04-24T00:00:00.000000Z,0.095427997410297394,0.1011660024523735,0.090559996664524078,0.097892001271247864,70487600
2018-04-25T00:00:00.000000Z,0.097000002861022949,0.097843997180461884,0.078380003571510315,0.083838999271392822,49315700
2018-04-26T00:00:00.000000Z,0.084785997867584229,0.097980998456478119,0.081036999821662903,0.096937999129295349,43706300
2018-04-27T00:00:00.000000Z,0.097085997462272644,0.098554998636245728,0.090590000152587891,0.090646997094154358,31456800
2018-04-28T00:00:00.000000Z,0.09025699645280838,0.10825199633836746,0.089659996330738068,0.10505399852991104,45370600
2018-04-29T00:00:00.000000Z,0.10487300157546997,0.11378099769353867,0.10104800015687943,0.11378099769353867,46514000
2018-04-30T00:00:00.000000Z,0.11371999979019165,0.11632899940013885,0.10016199946403503,0.10087099671363831,42630300
2018-05-01T00:00:00.000000Z,0.10169599950313568,0.10524000227451324,0.094049997627735138,0.10331200063228607,33784600
2018-05-02T00:00:00.000000Z,0.10344400256872177,0.12548999488353729,0.10032200068235397,0.12430199980735779,83086704
2018-05-03T00:00:00.000000Z,0.12457700073719025,0.13043400645256042,0.11934299767017365,0.128711998462677,65681600
2018-05-04T00:00:00.000000Z,0.12849800288677216,0.1408810019493103,0.12547799944877625,0.13231100142002106,73747200
2018-05-05T00:00:00.000000Z,0.13211099803447723,0.14939199388027191,0.13161100447177887,0.14939199388027191,52437900
2018-05-06T00:00:00.000000Z,0.14973199367523193,0.15346799790859222,0.1285959929227829,0.13745699822902679,57601600
2018-05-07T00:00:00.000000Z,0.13779500126838684,0.1404460072517395,0.12315700203180313,0.13378900289535522,45762100
2018-05-08T00:00:00.000000Z,0.13474200665950775,0.15179400146007538,0.13474200665950775,0.15179400146007538,78442896
2018-05-09T00:00:00.000000Z,0.15249200165271759,0.20036199688911438,0.15249200165271759,0.20033000409603119,209039008
2018-05-10T00:00:00.000000Z,0.21303699910640717,0.23148900270462036,0.18187700212001801,0.18494799733161926,708051968
2018-05-11T00:00:00.000000Z,0.18358300626277924,0.18897700309753418,0.14933900535106659,0.16773700714111328,312407008
2018-05-12T00:00:00.000000Z,0.16880099475383759,0.18206900358200073,0.14987500011920929,0.17703300714492798,202835008
2018-05-13T00:00:00.000000Z,0.17742900550365448,0.1802700012922287,0.17179299890995026,0.17252099514007568,112287000
2018-05-14T00:00:00.000000Z,0.17204900085926056,0.17204900085926056,0.16082699596881866,0.16531400382518768,92045296
2018-05-15T00:00:00.000000Z,0.16460399329662323,0.16597199440002441,0.14802399277687073,0.15176500380039215,77627504
2018-05-16T00:00:00.000000Z,0.15158200263977051,0.1546889990568161,0.13587599992752075,0.1413470059633255,65156500
2018-05-17T00:00:00.000000Z,0.14194099605083466,0.15350900590419769,0.13461999595165253,0.13608400523662567,74451600
2018-05-18T00:00:00.000000Z,0.13588699698448181,0.13967399299144745,0.13152399659156799,0.13859699666500092,45422900
2018-05-19T00:00:00.000000Z,0.13840499520301819,0.14976599812507629,0.13281700015068054,0.14358800649642944,59470900
2018-05-20T00:00:00.000000Z,0.14362999796867371,0.15283499658107758,0.14221499860286713,0.14918600022792816,57869700
2018-05-21T00:00:00.000000Z,0.14928899705410004,0.14964400231838226,0.14155399799346924,0.14312100410461426,40897200
2018-05-22T00:00:00.000000Z,0.14326499402523041,0.14850699901580811,0.13653099536895752,0.13705900311470032,60863400
2018-05-23T00:00:00.000000Z,0.13691599667072296,0.13866899907588959,0.11559099704027176,0.11971200257539749,68978496
2018-05-24T00:00:00.000000Z,0.11957699805498123,0.1293099969625473,0.11546000093221664,0.1255439966917038,56615200
2018-05-25T00:00:00.000000Z,0.12594099342823029,0.12609399855136871,0.11999499797821045,0.12217199802398682,27064000
2018-05-26T00:00:00.000000Z,0.12226299941539764,0.1247749999165535,0.11922899633646011,0.11988800019025803,25500200
2018-05-27T00:00:00.000000Z,0.11971600353717804,0.11971600353717804,0.1155640035867691,0.11705499887466431,24741100
2018-05-28T00:00:00.000000Z,0.11700200289487839,0.11849699914455414,0.10051099956035614,0.10051099956035614,38503100
2018-05-29T00:00:00.000000Z,0.10101299732923508,0.11522399634122849,0.098146997392177582,0.11259499937295914,58362600
2018-05-30T00:00:00.000000Z,0.11313100159168243,0.11930300295352936,0.10651899874210358,0.11142999678850174,47962200
2018-05-31T00:00:00.000000Z,0.11134400218725204,0.11589100211858749,0.10877799987792969,0.11318399757146835,39229900
2018-06-01T00:00:00.000000Z,0.11321400105953217,0.11399400234222412,0.109313003718853,0.11236599832773209,31390500
2018-06-02T00:00:00.000000Z,0.11257299780845642,0.12062200158834457,0.11172199994325638,0.11962299793958664,42076000
2018-06-03T00:00:00.000000Z,0.11947599798440933,0.13317699730396271,0.11947599798440933,0.12845100462436676,95989000
2018-06-04T00:00:00.000000Z,0.12825100123882294,0.12944500148296356,0.11781399697065353,0.12208499759435654,54719300
2018-06-05T00:00:00.000000Z,0.12190700322389603,0.12775200605392456,0.11685699969530106,0.12753799557685852,46461500
2018-06-06T00:00:00.000000Z,0.1275549978017807,0.13325400650501251,0.12419400364160538,0.13176600635051727,54667900
2018-06-07T00:00:00.000000Z,0.13154900074005127,0.13863399624824524,0.13015900552272797,0.13150699436664581,62958500
2018-06-08T00:00:00.000000Z,0.13136699795722961,0.13197700679302216,0.12506300210952759,0.12730799615383148,39539700
2018-06-09T00:00:00.000000Z,0.12734399735927582,0.12919199466705322,0.12129399925470352,0.12129399925470352,28660000
2018-06-10T00:00:00.000000Z,0.12153500318527222,0.12153500318527222,0.099625997245311737,0.10436999797821045,56417700
2018-06-11T00:00:00.000000Z,0.10411799699068069,0.1060819998383522,0.096441999077796936,0.10541799664497375,53442800
2018-06-12T00:00:00.000000Z,0.10535400360822678,0.10535400360822678,0.090424999594688416,0.092836998403072357,43541600
2018-06-13T00:00:00.000000Z,0.092843003571033478,0.092843003571033478,0.080926999449729919,0.085311003029346466,50254300
2018-06-14T00:00:00.000000Z,0.085286997258663177,0.094709001481533051,0.084112003445625305,0.094709001481533051,56441200
2018-06-15T00:00:00.000000Z,0.094596996903419495,0.094596996903419495,0.087153002619743347,0.087485000491142273,30032000
2018-06-16T00:00:00.000000Z,0.087352000176906586,0.087893001735210419,0.084751002490520477,0.085736997425556183,22941600
2018-06-17T00:00:00.000000Z,0.085777997970581055,0.087669000029563904,0.084923997521400452,0.085109002888202667,13932900
2018-06-18T00:00:00.000000Z,0.084996998310089111,0.08934599906206131,0.082826003432273865,0.08731599897146225,19265300
2018-06-19T00:00:00.000000Z,0.087393999099731445,0.091430999338626862,0.086056001484394073,0.089639998972415924,25797500
2018-06-20T00:00:00.000000Z,0.089528001844882965,0.089853003621101379,0.08257099986076355,0.087985999882221222,33873600
2018-06-21T00:00:00.000000Z,0.088040001690387726,0.08888699859380722,0.083957001566886902,0.084518998861312866,24178200
2018-06-22T00:00:00.000000Z,0.084507003426551819,0.084671996533870697,0.069871000945568085,0.071364998817443848,38951500
2018-06-23T00:00:00.000000Z,0.071644000709056854,0.072922997176647186,0.067166000604629517,0.069241002202033997,20876400
2018-06-24T00:00:00.000000Z,0.069254003465175629,0.069475002586841583,0.057169999927282333,0.062306001782417297,42415800
2018-06-25T00:00:00.000000Z,0.062143001705408096,0.070226997137069702,0.061181999742984772,0.066627003252506256,35408800
2018-06-26T00:00:00.000000Z,0.066754996776580811,0.069811999797821045,0.062844999134540558,0.062844999134540558,25761300
2018-06-27T00:00:00.000000Z,0.062853999435901642,0.06479799747467041,0.061597999185323715,0.064405001699924469,18895400
2018-06-28T00:00:00.000000Z,0.064556002616882324,0.068627998232841492,0.059898998588323593,0.060699000954627991,40172400
2018-06-29T00:00:00.000000Z,0.060655999928712845,0.066839002072811127,0.059714999049901962,0.065849997103214264,25132600
2018-06-30T00:00:00.000000Z,0.065793998539447784,0.076977998018264771,0.065793998539447784,0.073196999728679657,59718800
2018-07-01T00:00:00.000000Z,0.073160998523235321,0.07581000030040741,0.068797998130321503,0.071552000939846039,34840000
2018-07-02T00:00:00.000000Z,0.071433000266551971,0.080122999846935272,0.070909999310970306,0.074785001575946808,41058200
2018-07-03T00:00:00.000000Z,0.07499299943447113,0.091830998659133911,0.074920997023582458,0.077959001064300537,43580300
2018-07-04T00:00:00.000000Z,0.078636996448040009,0.088843002915382385,0.07579900324344635,0.086434997618198395,57844200
2018-07-05T00:00:00.000000Z,0.087103001773357391,0.09266199916601181,0.082639999687671661,0.085772000253200531,62863500
2018-07-06T00:00:00.000000Z,0.085542000830173492,0.086236000061035156,0.077197998762130737,0.085353001952171326,53043900
2018-07-07T00:00:00.000000Z,0.085657998919487,0.086652003228664398,0.079323001205921173,0.085635997354984283,26831300
2018-07-08T00:00:00.000000Z,0.08603300154209137,0.088400997221469879,0.083410002291202545,0.084108002483844757,30611700
2018-07-09T00:00:00.000000Z,0.084197998046875,0.084316998720169067,0.07842700183391571,0.078674003481864929,33386300
2018-07-10T00:00:00.000000Z,0.078277997672557831,0.078483998775482178,0.068140000104904175,0.068140000104904175,35386700
2018-07-11T00:00:00.000000Z,0.06782899796962738,0.070445001125335693,0.064413003623485565,0.06897299736738205,33218000
2018-07-12T00:00:00.000000Z,0.069137997925281525,0.069137997925281525,0.062907002866268158,0.065422996878623962,20314000
2018-07-13T00:00:00.000000Z,0.066482998430728912,0.069375000894069672,0.066173002123832703,0.066478997468948364,23651300
2018-07-14T00:00:00.000000Z,0.066621996462345123,0.067813999950885773,0.066018000245094299,0.06700800359249115,10842100
2018-07-15T00:00:00.000000Z,0.06691800057888031,0.070863999426364899,0.066550999879837036,0.069315999746322632,13781700
2018-07-16T00:00:00.000000Z,0.069329001009464264,0.075770996510982513,0.068466000258922577,0.075770996510982513,26147000
2018-07-17T00:00:00.000000Z,0.075669996440410614,0.082813002169132233,0.073538996279239655,0.082222998142242432,33930400
2018-07-18T00:00:00.000000Z,0.0821710005402565,0.088798001408576965,0.079663001000881195,0.082360997796058655,54082300
2018-07-19T00:00:00.000000Z,0.081955000758171082,0.084159001708030701,0.078250996768474579,0.080127999186515808,32283900
2018-07-20T00:00:00.000000Z,0.080013997852802277,0.080013997852802277,0.069913998246192932,0.07087399810552597,36950400
2018-07-21T00:00:00.000000Z,0.070841997861862183,0.07474999874830246,0.068718001246452332,0.073195002973079681,18686900
2018-07-22T00:00:00.000000Z,0.073216997087001801,0.074772000312805176,0.071726001799106598,0.071878999471664429,15980400
2018-07-23T00:00:00.000000Z,0.071675002574920654,0.074404999613761902,0.069252997636795044,0.069504998624324799,23392500
2018-07-24T00:00:00.000000Z,0.069426000118255615,0.074423998594284058,0.066299997270107269,0.072967000305652618,37423300
2018-07-25T00:00:00.000000Z,0.072765998542308807,0.07953999936580658,0.072765998542308807,0.077128998935222626,50683100
2018-07-26T00:00:00.000000Z,0.076987996697425842,0.079145997762680054,0.071664996445178986,0.073334001004695892,41661500
2018-07-27T00:00:00.000000Z,0.073314003646373749,0.076810002326965332,0.070623002946376801,0.075654000043869019,26385500
2018-07-28T00:00:00.000000Z,0.075808003544807434,0.080378003418445587,0.074945002794265747,0.079740002751350403,23443300
2018-07-29T00:00:00.000000Z,0.079948000609874725,0.080255001783370972,0.074721001088619232,0.074928998947143555,16236300
2018-07-30T00:00:00.000000Z,0.07476700097322464,0.07476700097322464,0.069563999772071838,0.071932002902030945,18247700
2018-07-31T00:00:00.000000Z,0.071723997592926025,0.071950003504753113,0.065493002533912659,0.067350000143051147,19371400
2018-08-01T00:00:00.000000Z,0.0672760009765625,0.068269997835159302,0.06370999664068222,0.066363997757434845,14000400
2018-08-02T00:00:00.000000Z,0.066336996853351593,0.066817000508308411,0.05940999835729599,0.059983000159263611,15408500
2018-08-03T00:00:00.000000Z,0.059960000216960907,0.060534998774528503,0.054641999304294586,0.058639999479055405,19813600
2018-08-04T00:00:00.000000Z,0.058671001344919205,0.060481000691652298,0.054965998977422714,0.055757999420166016,12433100
2018-08-05T00:00:00.000000Z,0.055918000638484955,0.058802001178264618,0.054939001798629761,0.057874001562595367,10026200
2018-08-06T00:00:00.000000Z,0.057803001254796982,0.059464998543262482,0.051504999399185181,0.052657999098300934,19098800
2018-08-07T00:00:00.000000Z,0.052519001066684723,0.053713001310825348,0.047818001359701157,0.047818001359701157,19609000
2018-08-08T00:00:00.000000Z,0.047975998371839523,0.047975998371839523,0.039987999945878983,0.040617998689413071,24496500
2018-08-09T00:00:00.000000Z,0.04071899875998497,0.045152001082897186,0.039634998887777328,0.04454600065946579,18682000
2018-08-10T00:00:00.000000Z,0.044419001787900925,0.044419001787900925,0.039882998913526535,0.040318001061677933,8885510
2018-08-11T00:00:00.000000Z,0.040341001003980637,0.040401998907327652,0.036887999624013901,0.038265999406576157,9117670
2018-08-12T00:00:00.000000Z,0.038235999643802643,0.039073999971151352,0.03565099835395813,0.037397999316453934,4970700
2018-08-13T00:00:00.000000Z,0.037634000182151794,0.038247998803853989,0.030113000422716141,0.030113000422716141,11990600
2018-08-14T00:00:00.000000Z,0.030037999153137207,0.030037999153137207,0.024072999134659767,0.027117999270558357,15506100
2018-08-15T00:00:00.000000Z,0.027278000488877296,0.031240999698638916,0.027278000488877296,0.028348999097943306,13198400
2018-08-16T00:00:00.000000Z,0.028346000239253044,0.030640000477433205,0.027848999947309494,0.030132999643683434,7554880
2018-08-17T00:00:00.000000Z,0.030232999473810196,0.042640000581741333,0.030206000432372093,0.042640000581741333,32628200
2018-08-18T00:00:00.000000Z,0.042520001530647278,0.044608999043703079,0.032873000949621201,0.035934001207351685,29933100
2018-08-19T00:00:00.000000Z,0.035895999521017075,0.039859000593423843,0.034825000911951065,0.039007999002933502,14080100
2018-08-20T00:00:00.000000Z,0.038784999400377274,0.039847001433372498,0.034651998430490494,0.034876000136137009,14765900
2018-08-21T00:00:00.000000Z,0.03458699956536293,0.036839999258518219,0.034515000879764557,0.03609900176525116,9265060
2018-08-22T00:00:00.000000Z,0.036192998290061951,0.039115000516176224,0.033006001263856888,0.034216001629829407,13276500
2018-08-23T00:00:00.000000Z,0.034738998860120773,0.037209998816251755,0.034067001193761826,0.036913000047206879,8575830
2018-08-24T00:00:00.000000Z,0.037126000970602036,0.039179999381303787,0.035656999796628952,0.038949001580476761,14033500
2018-08-25T00:00:00.000000Z,0.038924001157283783,0.040986999869346619,0.037879001349210739,0.04073600098490715,15789700
2018-08-26T00:00:00.000000Z,0.04068399965763092,0.042433999478816986,0.038146000355482101,0.04182099923491478,19409300
2018-08-27T00:00:00.000000Z,0.041923001408576965,0.043880999088287354,0.040968999266624451,0.043880999088287354,17810900
2018-08-28T00:00:00.000000Z,0.043733999133110046,0.04849499836564064,0.043274000287055969,0.047772001475095749,23650800
2018-08-29T00:00:00.000000Z,0.047784999012947083,0.047880999743938446,0.043956998735666275,0.045366000384092331,23825400
2018-08-30T00:00:00.000000Z,0.045295998454093933,0.045979000627994537,0.041871998459100723,0.044975001364946365,21151700
2018-08-31T00:00:00.000000Z,0.045028001070022583,0.045028001070022583,0.043005999177694321,0.044332999736070633,15956700
2018-09-01T00:00:00.000000Z,0.044672999531030655,0.048080001026391983,0.044495001435279846,0.046900000423192978,18259100
2018-09-02T00:00:00.000000Z,0.046619001775979996,0.047455001622438431,0.04424700140953064,0.045350998640060425,15089700
2018-09-03T00:00:00.000000Z,0.045435000211000443,0.045761000365018845,0.043804999440908432,0.044767998158931732,9755790
2018-09-04T00:00:00.000000Z,0.044801000505685806,0.047926999628543854,0.044679000973701477,0.045549001544713974,22581400
2018-09-05T00:00:00.000000Z,0.045602999627590179,0.046500999480485916,0.037092998623847961,0.037092998623847961,25285700
2018-09-06T00:00:00.000000Z,0.037087999284267426,0.039154000580310822,0.035029001533985138,0.038653001189231873,18185700
2018-09-07T00:00:00.000000Z,0.038456998765468597,0.03899100050330162,0.035704001784324646,0.036416001617908478,10182100
2018-09-08T00:00:00.000000Z,0.036410998553037643,0.037882998585700989,0.034515000879764557,0.035271000117063522,11384000
2018-09-09T00:00:00.000000Z,0.035799998790025711,0.03664100170135498,0.033603999763727188,0.035135000944137573,9182060
2018-09-10T00:00:00.000000Z,0.035539001226425171,0.035789001733064651,0.033852998167276382,0.034522999078035355,4618350
2018-09-11T00:00:00.000000Z,0.034616000950336456,0.035280998796224594,0.032522998750209808,0.0333390012383461,7720050
2018-09-12T00:00:00.000000Z,0.033364001661539078,0.033495999872684479,0.030309999361634254,0.032458998262882233,8085140
2018-09-13T00:00:00.000000Z,0.032253000885248184,0.035110000520944595,0.032253000885248184,0.034370001405477524,9510640
2018-09-14T00:00:00.000000Z,0.034566998481750488,0.035222999751567841,0.0325779989361763,0.033610999584197998,9675520
2018-09-15T00:00:00.000000Z,0.033532001078128815,0.034621000289916992,0.033199001103639603,0.033854000270366669,4312200
2018-09-16T00:00:00.000000Z,0.034056998789310455,0.034552998840808868,0.032825000584125519,0.034476000815629959,4246970
2018-09-17T00:00:00.000000Z,0.034494001418352127,0.034715000540018082,0.031295999884605408,0.031683001667261124,7349180
2018-09-18T00:00:00.000000Z,0.031472999602556229,0.033587999641895294,0.031091999262571335,0.032937999814748764,8799620
2018-09-19T00:00:00.000000Z,0.033357001841068268,0.033357001841068268,0.031800001859664917,0.032864000648260117,5356440
2018-09-20T00:00:00.000000Z,0.033032000064849854,0.034795001149177551,0.032586999237537384,0.0346359983086586,7820940
2018-09-21T00:00:00.000000Z,0.034595001488924026,0.037314001470804214,0.034285999834537506,0.037119001150131226,17252200
2018-09-22T00:00:00.000000Z,0.0370899997651577,0.037574000656604767,0.034201998263597488,0.035206999629735947,8842900
2018-09-23T00:00:00.000000Z,0.035519998520612717,0.036761999130249023,0.035156998783349991,0.036102999001741409,6562310
2018-09-24T00:00:00.000000Z,0.036118999123573303,0.037480000406503677,0.034556999802589417,0.035454001277685165,10260500
2018-09-25T00:00:00.000000Z,0.035317998379468918,0.035317998379468918,0.032715998589992523,0.033945001661777496,6903100
2018-09-26T00:00:00.000000Z,0.034100998193025589,0.035169001668691635,0.033748999238014221,0.034531001001596451,7724790
2018-09-27T00:00:00.000000Z,0.034487999975681305,0.035709001123905182,0.033333998173475266,0.035232998430728912,6343890
2018-09-28T00:00:00.000000Z,0.035489000380039215,0.035895001143217087,0.034418001770973206,0.035206001251935959,5098750
2018-09-29T00:00:00.000000Z,0.035245001316070557,0.035339001566171646,0.034235000610351562,0.035294000059366226,3873950
2018-09-30T00:00:00.000000Z,0.035186998546123505,0.035764001309871674,0.034715000540018082,0.03564000129699707,5036020
2018-10-01T00:00:00.000000Z,0.03559499979019165,0.036956001073122025,0.035185001790523529,0.036701001226902008,9628080
2018-10-02T00:00:00.000000Z,0.036795001477003098,0.039882000535726547,0.03669700026512146,0.038465999066829681,22098600
2018-10-03T00:00:00.000000Z,0.038146000355482101,0.038146000355482101,0.036224000155925751,0.037581000477075577,8977690
2018-10-04T00:00:00.000000Z,0.037647001445293427,0.038385000079870224,0.036453001201152802,0.036905001848936081,9547460
2018-10-05T00:00:00.000000Z,0.036922000348567963,0.037298001348972321,0.035567998886108398,0.036513000726699829,7754040
2018-10-06T00:00:00.000000Z,0.036488998681306839,0.036848001182079315,0.035595998167991638,0.036295998841524124,4052620
2018-10-07T00:00:00.000000Z,0.036350000649690628,0.036582998931407928,0.035562001168727875,0.036550000309944153,2934400
2018-10-08T00:00:00.000000Z,0.036490999162197113,0.037351001054048538,0.035833999514579773,0.03671099990606308,7462450
2018-10-09T00:00:00.000000Z,0.036796998232603073,0.038472000509500504,0.036536000669002533,0.037999998778104782,12579700
2018-10-10T00:00:00.000000Z,0.037925001233816147,0.038148000836372375,0.036483999341726303,0.037687998265028,9949920
2018-10-11T00:00:00.000000Z,0.037553001195192337,0.037553001195192337,0.031495999544858932,0.031725000590085983,15390000
2018-10-12T00:00:00.000000Z,0.031548000872135162,0.033521998673677444,0.03046100027859211,0.032145999372005463,6906800
2018-10-13T00:00:00.000000Z,0.032117001712322235,0.034081000834703445,0.032117001712322235,0.032901998609304428,3035740
2018-10-14T00:00:00.000000Z,0.032878000289201736,0.034278001636266708,0.032632000744342804,0.032719999551773071,7010930
2018-10-15T00:00:00.000000Z,0.032685998827219009,0.035080000758171082,0.032055001705884933,0.034317001700401306,11186400
2018-10-16T00:00:00.000000Z,0.034405998885631561,0.034474998712539673,0.03398599848151207,0.034384001046419144,3215070
2018-10-17T00:00:00.000000Z,0.034425001591444016,0.035371001809835434,0.034242000430822372,0.035119999200105667,6400360
2018-10-18T00:00:00.000000Z,0.035137001425027847,0.035760000348091125,0.033093001693487167,0.033447001129388809,6236640
2018-10-19T00:00:00.000000Z,0.033443998545408249,0.034690000116825104,0.033000998198986053,0.033962000161409378,3273930
2018-10-20T00:00:00.000000Z,0.034008000046014786,0.034889001399278641,0.03360699862241745,0.03458699956536293,3459220
2018-10-21T00:00:00.000000Z,0.034552000463008881,0.035163998603820801,0.033989999443292618,0.034138999879360199,4245250
2018-10-22T00:00:00.000000Z,0.034088000655174255,0.034662000834941864,0.033897999674081802,0.034573998302221298,3616980
2018-10-23T00:00:00.000000Z,0.034519001841545105,0.034655001014471054,0.033748999238014221,0.034435000270605087,4486890
2018-10-24T00:00:00.000000Z,0.034418001770973206,0.035151999443769455,0.034258000552654266,0.034800998866558075,5172570
2018-10-25T00:00:00.000000Z,0.034765001386404037,0.034988999366760254,0.033998999744653702,0.034607000648975372,5302860
2018-10-26T00:00:00.000000Z,0.034520998597145081,0.036740001291036606,0.034520998597145081,0.036382000893354416,15377000
2018-10-27T00:00:00.000000Z,0.036357998847961426,0.036463998258113861,0.035023000091314316,0.0352649986743927,5516390
2018-10-28T00:00:00.000000Z,0.035413000732660294,0.036316998302936554,0.035098999738693237,0.035877000540494919,5252390
2018-10-29T00:00:00.000000Z,0.035833999514579773,0.035904999822378159,0.033420000225305557,0.033681999891996384,8419190
2018-10-30T00:00:00.000000Z,0.033686000853776932,0.034460000693798065,0.03333599865436554,0.034442000091075897,4332920
2018-10-31T00:00:00.000000Z,0.034485999494791031,0.034685000777244568,0.033739998936653137,0.034472998231649399,5815280
2018-11-01T00:00:00.000000Z,0.034494999796152115,0.036063000559806824,0.033424001187086105,0.035390999168157578,12706400
2018-11-02T00:00:00.000000Z,0.035367999225854874,0.036265000700950623,0.035367999225854874,0.035686999559402466,9161640
2018-11-03T00:00:00.000000Z,0.03564399853348732,0.03564399853348732,0.034852001816034317,0.034882001578807831,3741450
2018-11-04T00:00:00.000000Z,0.034873001277446747,0.036334998905658722,0.034701000899076462,0.036129001528024673,8186170
2018-11-05T00:00:00.000000Z,0.036024000495672226,0.036274001002311707,0.035310998558998108,0.035505998879671097,5744740
2018-11-06T00:00:00.000000Z,0.035606000572443008,0.037029001861810684,0.034768998622894287,0.036681000143289566,32511300
2018-11-07T00:00:00.000000Z,0.036798000335693359,0.037122000008821487,0.033776998519897461,0.034892000257968903,17622500
2018-11-08T00:00:00.000000Z,0.034860998392105103,0.036522001028060913,0.034253999590873718,0.035046998411417007,14951300
2018-11-09T00:00:00.000000Z,0.035045001655817032,0.035769999027252197,0.034566998481750488,0.034566998481750488,9059940
2018-11-10T00:00:00.000000Z,0.034563001245260239,0.034937001764774323,0.034412998706102371,0.034531001001596451,3472090
2018-11-11T00:00:00.000000Z,0.034557998180389404,0.034618999809026718,0.033447999507188797,0.033877000212669373,5095980
2018-11-12T00:00:00.000000Z,0.034028999507427216,0.034313999116420746,0.033185001462697983,0.033484000712633133,5131070
2018-11-13T00:00:00.000000Z,0.033415999263525009,0.033773999661207199,0.033130001276731491,0.033305000513792038,4467310
2018-11-14T00:00:00.000000Z,0.033224001526832581,0.033224001526832581,0.027186000719666481,0.029050000011920929,11289200
2018-11-15T00:00:00.000000Z,0.029165999963879585,0.02934500016272068,0.024996999651193619,0.027713999152183533,16987700
2018-11-16T00:00:00.000000Z,0.027711000293493271,0.027936000376939774,0.026146000251173973,0.026393000036478043,5220770
2018-11-17T00:00:00.000000Z,0.026414999738335609,0.026828000321984291,0.026003999635577202,0.026520000770688057,3134840
2018-11-18T00:00:00.000000Z,0.026619000360369682,0.02709599956870079,0.026379000395536423,0.026568999513983727,3043730
2018-11-19T00:00:00.000000Z,0.026580000296235085,0.026597000658512115,0.020968999713659286,0.021205000579357147,10271500
2018-11-20T00:00:00.000000Z,0.021142000332474709,0.021671000868082047,0.016076000407338142,0.01744999922811985,13426600
2018-11-21T00:00:00.000000Z,0.017626000568270683,0.019091999158263206,0.016840999945998192,0.018570000305771828,7221890
2018-11-22T00:00:00.000000Z,0.018592000007629395,0.018892999738454819,0.017208000645041466,0.017208000645041466,6224970
2018-11-23T00:00:00.000000Z,0.017196999862790108,0.017355000600218773,0.016119999811053276,0.016712000593543053,5834710
2018-11-24T00:00:00.000000Z,0.01671300083398819,0.017117999494075775,0.014227000065147877,0.014604000374674797,4986400
2018-11-25T00:00:00.000000Z,0.014692000113427639,0.01510700024664402,0.012612000107765198,0.014715000055730343,7705060
2018-11-26T00:00:00.000000Z,0.014736000448465347,0.015491999685764313,0.013128999620676041,0.014049000106751919,7939440
2018-11-27T00:00:00.000000Z,0.014062000438570976,0.017849000170826912,0.013693000189960003,0.017714999616146088,21383300
2018-11-28T00:00:00.000000Z,0.018042000010609627,0.019717000424861908,0.016952000558376312,0.019717000424861908,30068100
2018-11-29T00:00:00.000000Z,0.021492000669240952,0.021780999377369881,0.018503999337553978,0.019252000376582146,31591527
2018-11-30T00:00:00.000000Z,0.019303999841213226,0.019303999841213226,0.016187999397516251,0.01749500073492527,13091025
2018-12-01T00:00:00.000000Z,0.017573999240994453,0.018699999898672104,0.016956999897956848,0.018115999177098274,8286398
2018-12-02T00:00:00.000000Z,0.018098000437021255,0.018951000645756721,0.017681000754237175,0.01780799962580204,6285907
2018-12-03T00:00:00.000000Z,0.017837999388575554,0.017837999388575554,0.016062000766396523,0.016449000686407089,6677468
2018-12-04T00:00:00.000000Z,0.016471000388264656,0.017234999686479568,0.015922000631690025,0.016605999320745468,6477759
2018-12-05T00:00:00.000000Z,0.01662600040435791,0.016713999211788177,0.01538500003516674,0.01538500003516674,4765140
2018-12-06T00:00:00.000000Z,0.015448999591171741,0.015946000814437866,0.013643999584019184,0.013643999584019184,6170104
2018-12-07T00:00:00.000000Z,0.013557000085711479,0.014368999749422073,0.01282500009983778,0.013700000010430813,6950674
2018-12-08T00:00:00.000000Z,0.013725000433623791,0.01447100006043911,0.012997999787330627,0.013713999651372433,4861605
2018-12-09T00:00:00.000000Z,0.013640999794006348,0.014502000063657761,0.01348199974745512,0.014188000001013279,4375332
2018-12-10T00:00:00.000000Z,0.014162000268697739,0.01435100007802248,0.013352000154554844,0.013605000451207161,3726974
2018-12-11T00:00:00.000000Z,0.013597000390291214,0.013798000290989876,0.013238999992609024,0.013496999628841877,3487123
2018-12-12T00:00:00.000000Z,0.013453000225126743,0.014305000193417072,0.013319999910891056,0.014042999595403671,4655071
2018-12-13T00:00:00.000000Z,0.014057000167667866,0.014057000167667866,0.013042000122368336,0.013124000281095505,3364573
2018-12-14T00:00:00.000000Z,0.013155999593436718,0.01321600005030632,0.012550000101327896,0.012702000327408314,3950415
2018-12-15T00:00:00.000000Z,0.012744000181555748,0.012984000146389008,0.012490999884903431,0.012765999883413315,2820296
2018-12-16T00:00:00.000000Z,0.012780000455677509,0.013326000422239304,0.012780000455677509,0.013007000088691711,3474589
2018-12-17T00:00:00.000000Z,0.013048999942839146,0.014560000039637089,0.012974999845027924,0.014313999563455582,6177413
2018-12-18T00:00:00.000000Z,0.014298999682068825,0.016093999147415161,0.013976000249385834,0.015768000856041908,11769515
2018-12-19T00:00:00.000000Z,0.015866000205278397,0.017126999795436859,0.015381000004708767,0.01547900028526783,13474375
2018-12-20T00:00:00.000000Z,0.015418999828398228,0.017451999709010124,0.015344999730587006,0.017351999878883362,10640787
2018-12-21T00:00:00.000000Z,0.017319999635219574,0.019395999610424042,0.016541000455617905,0.017358999699354172,17347901
2018-12-22T00:00:00.000000Z,0.017388999462127686,0.018621999770402908,0.016829000785946846,0.018532000482082367,9706011
2018-12-23T00:00:00.000000Z,0.01854499988257885,0.020732000470161438,0.01854499988257885,0.019943999126553535,18290797
2018-12-24T00:00:00.000000Z,0.019951000809669495,0.022268999367952347,0.019951000809669495,0.020464999601244926,17805366
2018-12-25T00:00:00.000000Z,0.020400000736117363,0.020400000736117363,0.017064999788999557,0.018087999895215034,12256958
2018-12-26T00:00:00.000000Z,0.018002999946475029,0.019116999581456184,0.017679000273346901,0.0185100007802248,8290278
2018-12-27T00:00:00.000000Z,0.018501000478863716,0.018854999914765358,0.016813000664114952,0.016901999711990356,7128423
2018-12-28T00:00:00.000000Z,0.01700500026345253,0.020519999787211418,0.016699999570846558,0.020060999318957329,11861328
2018-12-29T00:00:00.000000Z,0.020139999687671661,0.022622000426054001,0.019927000626921654,0.021080000326037407,28470610
2018-12-30T00:00:00.000000Z,0.021177999675273895,0.021772999316453934,0.020564999431371689,0.020850999280810356,16506556
2018-12-31T00:00:00.000000Z,0.02091200090944767,0.021028000861406326,0.019192999228835106,0.019471999257802963,10698330
2019-01-01T00:00:00.000000Z,0.019496999680995941,0.020829999819397926,0.019411999732255936,0.020717000588774681,9085413
2019-01-02T00:00:00.000000Z,0.020800000056624413,0.021044999361038208,0.020243000239133835,0.020867999643087387,8525069
2019-01-03T00:00:00.000000Z,0.020819000899791718,0.020819000899791718,0.01969899982213974,0.019935000687837601,8512645
2019-01-04T00:00:00.000000Z,0.019926000386476517,0.020935999229550362,0.019717000424861908,0.020643999800086021,9950370
2019-01-05T00:00:00.000000Z,0.020604999735951424,0.020842000842094421,0.020338000729680061,0.020426999777555466,7653603
2019-01-06T00:00:00.000000Z,0.020391000434756279,0.022157000377774239,0.020293999463319778,0.021709999069571495,11294735
2019-01-07T00:00:00.000000Z,0.02170100063085556,0.02251099981367588,0.02170100063085556,0.022314999252557755,10349655
2019-01-08T00:00:00.000000Z,0.022430000826716423,0.02456199936568737,0.02196200005710125,0.023762000724673271,23948844
2019-01-09T00:00:00.000000Z,0.023781999945640564,0.025231000036001205,0.023762000724673271,0.02421100065112114,20839644
2019-01-10T00:00:00.000000Z,0.024168999865651131,0.024949999526143074,0.02008499950170517,0.020685000345110893,27406506
2019-01-11T00:00:00.000000Z,0.020526999607682228,0.021105000749230385,0.019641999155282974,0.02036299929022789,14190139
2019-01-12T00:00:00.000000Z,0.020349999889731407,0.02064800076186657,0.020049000158905983,0.020457999780774117,8574643
2019-01-13T00:00:00.000000Z,0.020440999418497086,0.02050199918448925,0.018402999266982079,0.018445000052452087,9649816
2019-01-14T00:00:00.000000Z,0.018477000296115875,0.020842999219894409,0.018463000655174255,0.020594999194145203,11973995
2019-01-15T00:00:00.000000Z,0.020578999072313309,0.021890999749302864,0.020099999383091927,0.021890999749302864,17133396
2019-01-16T00:00:00.000000Z,0.021795999258756638,0.02364799939095974,0.021485999226570129,0.023312000557780266,25967137
2019-01-17T00:00:00.000000Z,0.023251999169588089,0.023251999169588089,0.021965999156236649,0.022695999592542648,14104658
2019-01-18T00:00:00.000000Z,0.022740999236702919,0.022830000147223473,0.021424999460577965,0.021909000352025032,10403339
2019-01-19T00:00:00.000000Z,0.021927999332547188,0.022886000573635101,0.021866999566555023,0.022471999749541283,9690168
2019-01-20T00:00:00.000000Z,0.022367000579833984,0.022622000426054001,0.020685000345110893,0.021532999351620674,11059796
2019-01-21T00:00:00.000000Z,0.021564999595284462,0.021645000204443932,0.020829999819397926,0.02106500044465065,7225827
2019-01-22T00:00:00.000000Z,0.021056000143289566,0.023017000406980515,0.021056000143289566,0.022924000397324562,19791111
2019-01-23T00:00:00.000000Z,0.022858999669551849,0.022858999669551849,0.021368000656366348,0.021945999935269356,13710038
2019-01-24T00:00:00.000000Z,0.021926000714302063,0.02236500009894371,0.021387999877333641,0.022113999351859093,9093234
2019-01-25T00:00:00.000000Z,0.022033000364899635,0.022167999297380447,0.021447999402880669,0.022003000602126122,8933581
2019-01-26T00:00:00.000000Z,0.022016000002622604,0.022568000480532646,0.02195500023663044,0.022264000028371811,10061261
2019-01-27T00:00:00.000000Z,0.022311000153422356,0.023956999182701111,0.021790999919176102,0.022908000275492668,35388562
2019-01-28T00:00:00.000000Z,0.022957999259233475,0.022957999259233475,0.019551999866962433,0.020997000858187675,32809326
2019-01-29T00:00:00.000000Z,0.021028999239206314,0.021138999611139297,0.019617000594735146,0.020524999126791954,17491947
2019-01-30T00:00:00.000000Z,0.020503999665379524,0.020961999893188477,0.019942000508308411,0.020405000075697899,13117923
2019-01-31T00:00:00.000000Z,0.020387999713420868,0.020387999713420868,0.018216999247670174,0.018535999581217766,21610554
2019-02-01T00:00:00.000000Z,0.018527999520301819,0.01866300031542778,0.01780799962580204,0.018342999741435051,11170955
2019-02-02T00:00:00.000000Z,0.018332000821828842,0.018373999744653702,0.017880000174045563,0.018324000760912895,7675900
2019-02-03T00:00:00.000000Z,0.018299000337719917,0.018340999260544777,0.017395999282598495,0.017537999898195267,6975209
2019-02-04T00:00:00.000000Z,0.017598999664187431,0.018014999106526375,0.017466999590396881,0.017833000048995018,7058533
2019-02-05T00:00:00.000000Z,0.017734000459313393,0.017967000603675842,0.017401000484824181,0.017485000193119049,6922439
2019-02-06T00:00:00.000000Z,0.017521999776363373,0.017521999776363373,0.016328999772667885,0.016491999849677086,9184256
2019-02-07T00:00:00.000000Z,0.016535000875592232,0.017030000686645508,0.016450000926852226,0.016692999750375748,6209950
2019-02-08T00:00:00.000000Z,0.01672700047492981,0.018090000376105309,0.016456000506877899,0.017740000039339066,11288006
2019-02-09T00:00:00.000000Z,0.017756000161170959,0.017823999747633934,0.017223000526428223,0.0173179991543293,7396486
2019-02-10T00:00:00.000000Z,0.017324000597000122,0.017520999535918236,0.016798999160528183,0.017520999535918236,6986708
2019-02-11T00:00:00.000000Z,0.017511999234557152,0.017511999234557152,0.016804000362753868,0.017051000148057938,5518838
2019-02-12T00:00:00.000000Z,0.017066000029444695,0.017167000100016594,0.016768999397754669,0.017117999494075775,5454538
2019-02-13T00:00:00.000000Z,0.017142999917268753,0.017265999689698219,0.016849000006914139,0.017015000805258751,4253919
2019-02-14T00:00:00.000000Z,0.016981000080704689,0.017117999494075775,0.016760999336838722,0.016760999336838722,4457914
2019-02-15T00:00:00.000000Z,0.016811000183224678,0.017117999494075775,0.016761999577283859,0.016891999170184135,4502646
2019-02-16T00:00:00.000000Z,0.016920000314712524,0.017647000029683113,0.016876000910997391,0.017265999689698219,8698022
2019-02-17T00:00:00.000000Z,0.017273999750614166,0.017684999853372574,0.017074000090360641,0.017603000625967979,7979516
2019-02-18T00:00:00.000000Z,0.017580000683665276,0.018380999565124512,0.017486000433564186,0.01810000091791153,11432002
2019-02-19T00:00:00.000000Z,0.018147999420762062,0.020146999508142471,0.017804000526666641,0.018792999908328056,30920742
2019-02-20T00:00:00.000000Z,0.018747000023722649,0.018911000341176987,0.018324999138712883,0.018911000341176987,9583434
2019-02-21T00:00:00.000000Z,0.018890999257564545,0.018915999680757523,0.018161000683903694,0.018226999789476395,6163151
2019-02-22T00:00:00.000000Z,0.018256999552249908,0.018478000536561012,0.018069999292492867,0.018426999449729919,5170591
2019-02-23T00:00:00.000000Z,0.018402999266982079,0.019632000476121902,0.01825300045311451,0.019223999232053757,13327735
2019-02-24T00:00:00.000000Z,0.019278999418020248,0.01996299996972084,0.016634000465273857,0.016883000731468201,17180186
2019-02-25T00:00:00.000000Z,0.016822999343276024,0.017596000805497169,0.016822999343276024,0.017503999173641205,7976794
2019-02-26T00:00:00.000000Z,0.017480000853538513,0.017845999449491501,0.017139000818133354,0.017828000709414482,7525331
2019-02-27T00:00:00.000000Z,0.017880000174045563,0.017880000174045563,0.01703299954533577,0.017483999952673912,6452094
2019-02-28T00:00:00.000000Z,0.017483999952673912,0.017550000920891762,0.017036000266671181,0.017139000818133354,5297897
2019-03-01T00:00:00.000000Z,0.017147000879049301,0.017503999173641205,0.017103999853134155,0.017260000109672546,4866516
2019-03-02T00:00:00.000000Z,0.017263000831007957,0.017418000847101212,0.016913000494241714,0.017261000350117683,3921099
2019-03-03T00:00:00.000000Z,0.017274999991059303,0.017325000837445259,0.016956999897956848,0.017007999122142792,3488812
2019-03-04T00:00:00.000000Z,0.016966000199317932,0.017121000215411186,0.015910999849438667,0.016341999173164368,6081608
2019-03-05T00:00:00.000000Z,0.016341999173164368,0.017173999920487404,0.016181999817490578,0.016989000141620636,6021895
2019-03-06T00:00:00.000000Z,0.017006000503897667,0.017163999378681183,0.016767999157309532,0.016822999343276024,4558071
2019-03-07T00:00:00.000000Z,0.016820000484585762,0.017017999663949013,0.016699999570846558,0.016999000683426857,6034006
2019-03-08T00:00:00.000000Z,0.017033999785780907,0.017852000892162323,0.016790999099612236,0.017224999144673347,12316093
2019-03-09T00:00:00.000000Z,0.017371999099850655,0.018410999327898026,0.017222000285983086,0.018167000263929367,12896031
2019-03-10T00:00:00.000000Z,0.018213000148534775,0.018424000591039658,0.017607999965548515,0.017842000350356102,8797141
2019-03-11T00:00:00.000000Z,0.017889000475406647,0.018185999244451523,0.017179999500513077,0.017455000430345535,9317784
2019-03-12T00:00:00.000000Z,0.017480999231338501,0.018121000379323959,0.017031999304890633,0.017899999395012856,12126548
2019-03-13T00:00:00.000000Z,0.017914999276399612,0.018891999498009682,0.017862999811768532,0.018478000536561012,17893129
2019-03-14T00:00:00.000000Z,0.01846499927341938,0.01858999952673912,0.017816999927163124,0.018270000815391541,10403545
2019-03-15T00:00:00.000000Z,0.018245000392198563,0.018550999462604523,0.018222000449895859,0.018400000408291817,7648462
2019-03-16T00:00:00.000000Z,0.018401000648736954,0.018650000914931297,0.018303999677300453,0.018440999090671539,8676137
2019-03-17T00:00:00.000000Z,0.018407000228762627,0.018490999937057495,0.017955999821424484,0.018174000084400177,6749492
2019-03-18T00:00:00.000000Z,0.018194999545812607,0.018425000831484795,0.017982000485062599,0.018147999420762062,6115729
2019-03-19T00:00:00.000000Z,0.018151000142097473,0.018489999696612358,0.018139999359846115,0.018489999696612358,7892847
2019-03-20T00:00:00.000000Z,0.018492000177502632,0.019433999434113503,0.018357999622821808,0.019395999610424042,21424316
2019-03-21T00:00:00.000000Z,0.019362000748515129,0.019362000748515129,0.01788800023496151,0.01858999952673912,16766754
2019-03-22T00:00:00.000000Z,0.018570000305771828,0.019748000428080559,0.01843699999153614,0.019531000405550003,16560234
2019-03-23T00:00:00.000000Z,0.019491000100970268,0.020235000178217888,0.019145999103784561,0.019902000203728676,17578479
2019-03-24T00:00:00.000000Z,0.019906999543309212,0.020524999126791954,0.019856000319123268,0.020285999402403831,16636473
2019-03-25T00:00:00.000000Z,0.020377000793814659,0.020382000133395195,0.018467999994754791,0.019008999690413475,12478963
2019-03-26T00:00:00.000000Z,0.018944000825285912,0.019324000924825668,0.018124999478459358,0.018718000501394272,9539186
2019-03-27T00:00:00.000000Z,0.018730999901890755,0.019863000139594078,0.018672000616788864,0.019733000546693802,11197961
2019-03-28T00:00:00.000000Z,0.019734999164938927,0.019987000152468681,0.019228000193834305,0.019912999123334885,9901561
2019-03-29T00:00:00.000000Z,0.019912999123334885,0.020012000575661659,0.019123999401926994,0.019195999950170517,11515604
2019-03-30T00:00:00.000000Z,0.019177999347448349,0.020121999084949493,0.018890999257564545,0.019549999386072159,12958494
2019-03-31T00:00:00.000000Z,0.019549999386072159,0.021046999841928482,0.019426999613642693,0.020318999886512756,21204173
2019-04-01T00:00:00.000000Z,0.020312000066041946,0.02087399922311306,0.020018000155687332,0.020646000280976295,14800033
2019-04-02T00:00:00.000000Z,0.020666999742388725,0.022690000012516975,0.020566999912261963,0.022509999573230743,28538698
2019-04-03T00:00:00.000000Z,0.022514000535011292,0.024458000436425209,0.021817000582814217,0.022189000621438026,35259458
2019-04-04T00:00:00.000000Z,0.0221599992364645,0.023905999958515167,0.021944999694824219,0.022738000378012657,24000765
2019-04-05T00:00:00.000000Z,0.022724999114871025,0.024973999708890915,0.022708000615239143,0.024953000247478485,21621861
2019-04-06T00:00:00.000000Z,0.024964999407529831,0.026479000225663185,0.024679999798536301,0.025118999183177948,46100233
2019-04-07T00:00:00.000000Z,0.025141000747680664,0.025520000606775284,0.024565000087022781,0.02484700083732605,19869922
2019-04-08T00:00:00.000000Z,0.02484700083732605,0.025103999301791191,0.022788999602198601,0.024041999131441116,27963445
2019-04-09T00:00:00.000000Z,0.024041999131441116,0.024041999131441116,0.022176999598741531,0.022668000310659409,17374804
2019-04-10T00:00:00.000000Z,0.022641999647021294,0.023664999753236771,0.022394999861717224,0.022805999964475632,16601109
2019-04-11T00:00:00.000000Z,0.022811999544501305,0.02283100038766861,0.019254999235272408,0.020331000909209251,21874854
2019-04-12T00:00:00.000000Z,0.02032800018787384,0.02119000069797039,0.019310999661684036,0.020811999216675758,14672199
2019-04-13T00:00:00.000000Z,0.020826999098062515,0.020867999643087387,0.020059999078512192,0.020408999174833298,8525978
2019-04-14T00:00:00.000000Z,0.020408999174833298,0.021247999742627144,0.020013999193906784,0.021098999306559563,10562753
2019-04-15T00:00:00.000000Z,0.021098999306559563,0.022079000249505043,0.020363999530673027,0.020681999623775482,16844146
2019-04-16T00:00:00.000000Z,0.020692000165581703,0.021314000710844994,0.020264999940991402,0.021314000710844994,9114260
2019-04-17T00:00:00.000000Z,0.021265000104904175,0.021774999797344208,0.0209330003708601,0.021436000242829323,10548083
2019-04-18T00:00:00.000000Z,0.021440999582409859,0.022633999586105347,0.021386999636888504,0.022145999595522881,20010351
2019-04-19T00:00:00.000000Z,0.022153999656438828,0.022462999448180199,0.021779000759124756,0.02221900038421154,12278754
2019-04-20T00:00:00.000000Z,0.022227000445127487,0.02238599956035614,0.021548999473452568,0.02188899926841259,7765199
2019-04-21T00:00:00.000000Z,0.021882999688386917,0.021935999393463135,0.020085999742150307,0.021046999841928482,13018859
2019-04-22T00:00:00.000000Z,0.020971000194549561,0.021740999072790146,0.020424000918865204,0.020966999232769012,12626873
2019-04-23T00:00:00.000000Z,0.020964000374078751,0.021449999883770943,0.020042000338435173,0.02006400004029274,15010550
2019-04-24T00:00:00.000000Z,0.02006400004029274,0.020183000713586807,0.017945000901818275,0.019302999600768089,25566322
2019-04-25T00:00:00.000000Z,0.019294999539852142,0.019584000110626221,0.017201999202370644,0.017348999157547951,13274278
2019-04-26T00:00:00.000000Z,0.017380999401211739,0.017834000289440155,0.01662600040435791,0.017102999612689018,10704309
2019-04-27T00:00:00.000000Z,0.017108000814914703,0.018564000725746155,0.016932999715209007,0.017915999516844749,8994167
2019-04-28T00:00:00.000000Z,0.017769999802112579,0.018348999321460724,0.017159000039100647,0.017338000237941742,7500679
2019-04-29T00:00:00.000000Z,0.017206000164151192,0.017976999282836914,0.016206000000238419,0.01653599925339222,9702323
2019-04-30T00:00:00.000000Z,0.016664000228047371,0.017730999737977982,0.016409000381827354,0.017295999452471733,8868899
2019-05-01T00:00:00.000000Z,0.017524000257253647,0.017965000122785568,0.016992999240756035,0.017458999529480934,7209352
2019-05-02T00:00:00.000000Z,0.017431000247597694,0.018031999468803406,0.017004000023007393,0.018031999468803406,10126124
2019-05-03T00:00:00.000000Z,0.017378000542521477,0.018139999359846115,0.016739999875426292,0.01701899990439415,13282515
2019-05-04T00:00:00.000000Z,0.01701899990439415,0.017431000247597694,0.015760000795125961,0.016026999801397324,15735449
2019-05-05T00:00:00.000000Z,0.015966000035405159,0.016385000199079514,0.015749000012874603,0.01624700054526329,12869235
2019-05-06T00:00:00.000000Z,0.016279999166727066,0.017121000215411186,0.015413999557495117,0.016687000170350075,21236863
2019-05-07T00:00:00.000000Z,0.016726000234484673,0.0173179991543293,0.016186000779271126,0.016186000779271126,16228847
2019-05-08T00:00:00.000000Z,0.016177000477910042,0.016813000664114952,0.015771999955177307,0.016590999439358711,13971159
2019-05-09T00:00:00.000000Z,0.01666799932718277,0.016907000914216042,0.015407999977469444,0.015737999230623245,16284825
2019-05-10T00:00:00.000000Z,0.015675999224185944,0.016302000731229782,0.015482000075280666,0.016258999705314636,14968390
2019-05-11T00:00:00.000000Z,0.01612200029194355,0.017923999577760696,0.015946999192237854,0.016753999516367912,21921005
2019-05-12T00:00:00.000000Z,0.016217999160289764,0.017760999500751495,0.015162999741733074,0.016052000224590302,18252094
2019-05-13T00:00:00.000000Z,0.016052000224590302,0.017095999792218208,0.015413999557495117,0.016370000317692757,18911217
2019-05-14T00:00:00.000000Z,0.01636200025677681,0.018240999430418015,0.015811000019311905,0.017869999632239342,27048848
2019-05-15T00:00:00.000000Z,0.01742899976670742,0.020628999918699265,0.01742899976670742,0.020377000793814659,26807899
2019-05-16T00:00:00.000000Z,0.020439000800251961,0.022204000502824783,0.017869999632239342,0.018725000321865082,36068815
2019-05-17T00:00:00.000000Z,0.018728999421000481,0.019017999991774559,0.016118999570608139,0.017891999334096909,24961634
2019-05-18T00:00:00.000000Z,0.017891999334096909,0.01876400038599968,0.016711000353097916,0.017684999853372574,20566509
2019-05-19T00:00:00.000000Z,0.018347000703215599,0.020049000158905983,0.016803000122308731,0.019169999286532402,25925485
2019-05-20T00:00:00.000000Z,0.01958099938929081,0.01958099938929081,0.016783000901341438,0.017991999164223671,21499202
2019-05-21T00:00:00.000000Z,0.017976999282836914,0.022964000701904297,0.017458999529480934,0.020935000851750374,108918006
2019-05-22T00:00:00.000000Z,0.020935000851750374,0.023516999557614326,0.02054000087082386,0.021348999813199043,98164270
2019-05-23T00:00:00.000000Z,0.021299999207258224,0.021568000316619873,0.019967999309301376,0.020333999767899513,60375916
2019-05-24T00:00:00.000000Z,0.020310999825596809,0.021052999421954155,0.01918799988925457,0.019324999302625656,42041581
2019-05-25T00:00:00.000000Z,0.019324999302625656,0.020478999242186546,0.018409999087452888,0.019946999847888947,34568966
2019-05-26T00:00:00.000000Z,0.01998399943113327,0.020351000130176544,0.018750999122858047,0.020082000643014908,34326504
2019-05-27T00:00:00.000000Z,0.019873000681400299,0.021623000502586365,0.019735999405384064,0.02070000022649765,37752984
2019-05-28T00:00:00.000000Z,0.02118300087749958,0.022367000579833984,0.01990400068461895,0.0211970005184412,55270199
2019-05-29T00:00:00.000000Z,0.021553000435233116,0.021772999316453934,0.019666999578475952,0.020610999315977097,57512706
2019-05-30T00:00:00.000000Z,0.020610999315977097,0.022783000022172928,0.018588000908493996,0.019051000475883484,52069852
2019-05-31T00:00:00.000000Z,0.019051000475883484,0.020726999267935753,0.018703000620007515,0.019785000011324883,38584849
2019-06-01T00:00:00.000000Z,0.020268000662326813,0.020941000431776047,0.018680000677704811,0.01906299963593483,34481358
2019-06-02T00:00:00.000000Z,0.01906299963593483,0.021732000634074211,0.018837999552488327,0.021394999697804451,50123321
2019-06-03T00:00:00.000000Z,0.02124599926173687,0.022694999352097511,0.019875999540090561,0.020867999643087387,71103400
2019-06-04T00:00:00.000000Z,0.020893000066280365,0.023876000195741653,0.019878000020980835,0.02180200070142746,141586100
2019-06-05T00:00:00.000000Z,0.021903000771999359,0.022529000416398048,0.021004000678658485,0.021571999415755272,80908876
2019-06-06T00:00:00.000000Z,0.021740999072790146,0.023769000545144081,0.020862000063061714,0.022871999070048332,91305749
2019-06-07T00:00:00.000000Z,0.022962000221014023,0.025820000097155571,0.022562000900506973,0.024991000071167946,109923354
2019-06-08T00:00:00.000000Z,0.025194000452756882,0.025944000110030174,0.022879999130964279,0.024086000397801399,62126334
2019-06-09T00:00:00.000000Z,0.024206999689340591,0.024543000385165215,0.021361000835895538,0.02220500074326992,58264426
2019-06-10T00:00:00.000000Z,0.022190000861883163,0.023815000429749489,0.021787000820040703,0.023237999528646469,68583672
2019-06-11T00:00:00.000000Z,0.023708000779151917,0.024694999679923058,0.02283100038766861,0.023218000307679176,62869423
2019-06-12T00:00:00.000000Z,0.023149000480771065,0.023823000490665436,0.022381000220775604,0.02348100021481514,54864241
2019-06-13T00:00:00.000000Z,0.02334200032055378,0.024141000583767891,0.022520000115036964,0.022865999490022659,45773974
2019-06-14T00:00:00.000000Z,0.023392999544739723,0.024613000452518463,0.022166000679135323,0.023333000019192696,76639472
2019-06-15T00:00:00.000000Z,0.023429999127984047,0.024180000647902489,0.022850999608635902,0.023708000779151917,45064438
2019-06-16T00:00:00.000000Z,0.024142999202013016,0.025420999154448509,0.023300999775528908,0.025010999292135239,67025803
2019-06-17T00:00:00.000000Z,0.025025999173521996,0.026595000177621841,0.024922000244259834,0.025104999542236328,65918869
2019-06-18T00:00:00.000000Z,0.025116000324487686,0.025233000516891479,0.022515000775456429,0.022789999842643738,65125707
2019-06-19T00:00:00.000000Z,0.02275799959897995,0.023258000612258911,0.021872000768780708,0.022190000861883163,32119484
2019-06-20T00:00:00.000000Z,0.022169999778270721,0.022257000207901001,0.0206339992582798,0.021142000332474709,30822779
2019-06-21T00:00:00.000000Z,0.021153999492526054,0.021153999492526054,0.019866999238729477,0.019897999241948128,24641905
2019-06-22T00:00:00.000000Z,0.019884999841451645,0.021271999925374985,0.019530000165104866,0.020472999662160873,36445511
2019-06-23T00:00:00.000000Z,0.020463999360799789,0.021302999928593636,0.019913999363780022,0.020130999386310577,21986977
2019-06-24T00:00:00.000000Z,0.020130999386310577,0.020610999315977097,0.019789999350905418,0.020200999453663826,16434982
2019-06-25T00:00:00.000000Z,0.0202029999345541,0.020888999104499817,0.020052999258041382,0.02018200047314167,23130461
2019-06-26T00:00:00.000000Z,0.020227000117301941,0.021237000823020935,0.018347000703215599,0.018797999247908592,45610006
2019-06-27T00:00:00.000000Z,0.018897000700235367,0.018931999802589417,0.015885999426245689,0.016380000859498978,32780013
2019-06-28T00:00:00.000000Z,0.016363000497221947,0.017163999378681183,0.016308000311255455,0.017016999423503876,21482958
2019-06-29T00:00:00.000000Z,0.017029000446200371,0.018306000158190727,0.016458999365568161,0.017760999500751495,24042544
2019-06-30T00:00:00.000000Z,0.017764000222086906,0.018256999552249908,0.016629999503493309,0.016676999628543854,22564507
2019-07-01T00:00:00.000000Z,0.016676999628543854,0.017859000712633133,0.016419999301433563,0.017319999635219574,22722989
2019-07-02T00:00:00.000000Z,0.017311999574303627,0.0174150001257658,0.016031000763177872,0.016549000516533852,19976853
2019-07-03T00:00:00.000000Z,0.01655299961566925,0.01677200011909008,0.016204999759793282,0.016519999131560326,17952211
2019-07-04T00:00:00.000000Z,0.016516000032424927,0.016578000038862228,0.015728000551462173,0.015788000077009201,19435905
2019-07-05T00:00:00.000000Z,0.015782000496983528,0.016106000170111656,0.015560000203549862,0.015721999108791351,12446891
2019-07-06T00:00:00.000000Z,0.015745000913739204,0.017454000189900398,0.015721000730991364,0.016693999990820885,21282054
2019-07-07T00:00:00.000000Z,0.016697999089956284,0.01749500073492527,0.01648700051009655,0.017318999394774437,16704743
2019-07-08T00:00:00.000000Z,0.017389999702572823,0.018000999465584755,0.016829000785946846,0.016964999958872795,22020122
2019-07-09T00:00:00.000000Z,0.016964999958872795,0.017250999808311462,0.016662999987602234,0.016916999593377113,15230346
2019-07-10T00:00:00.000000Z,0.016909999772906303,0.017605999484658241,0.01547200046479702,0.015926999971270561,27425675
2019-07-11T00:00:00.000000Z,0.015937000513076782,0.015953000634908676,0.013857999816536903,0.014096000231802464,18556939
2019-07-12T00:00:00.000000Z,0.014081999659538269,0.014844000339508057,0.013886000029742718,0.01459799986332655,13380791
2019-07-13T00:00:00.000000Z,0.01459600031375885,0.014658999629318714,0.013651999644935131,0.014051999896764755,8774981
2019-07-14T00:00:00.000000Z,0.014050999656319618,0.014169000089168549,0.01231400016695261,0.01231400016695261,10706040
2019-07-15T00:00:00.000000Z,0.012326999567449093,0.012443999759852886,0.011300000362098217,0.01218700036406517,13533297
2019-07-16T00:00:00.000000Z,0.012178000062704086,0.012237000279128551,0.0098470002412796021,0.009943000040948391,11728798
2019-07-17T00:00:00.000000Z,0.009933999739587307,0.010726000182330608,0.0093630002811551094,0.01027199998497963,12832373
2019-07-18T00:00:00.000000Z,0.01027199998497963,0.011091999709606171,0.010036000050604343,0.011009000241756439,12639769
2019-07-19T00:00:00.000000Z,0.011009000241756439,0.01127300038933754,0.010600999929010868,0.011164000257849693,8465555
2019-07-20T00:00:00.000000Z,0.011168000288307667,0.011955000460147858,0.010987999849021435,0.011656999588012695,11192220
2019-07-21T00:00:00.000000Z,0.011656999588012695,0.011749000288546085,0.01116000022739172,0.011335000395774841,9480614
2019-07-22T00:00:00.000000Z,0.01131800003349781,0.011540999636054039,0.010997000150382519,0.011184000410139561,8360083
2019-07-23T00:00:00.000000Z,0.01118599995970726,0.011370000429451466,0.010370999574661255,0.010439000092446804,8754281
2019-07-24T00:00:00.000000Z,0.010439000092446804,0.010478000156581402,0.010029000230133533,0.010428000241518021,6772539
2019-07-25T00:00:00.000000Z,0.010437999852001667,0.011055000126361847,0.010347000323235989,0.010994999669492245,7466661
2019-07-26T00:00:00.000000Z,0.010990999639034271,0.011009000241756439,0.010557999834418297,0.010975999757647514,7306475
2019-07-27T00:00:00.000000Z,0.010975999757647514,0.011098000220954418,0.010215999558568001,0.01029600016772747,6614544
2019-07-28T00:00:00.000000Z,0.010300000198185444,0.01051000040024519,0.0099200000986456871,0.010294999927282333,5239927
2019-07-29T00:00:00.000000Z,0.010282999835908413,0.010428999550640583,0.010056000202894211,0.010282999835908413,6322553
2019-07-30T00:00:00.000000Z,0.01028900034725666,0.010785000398755074,0.010129000060260296,0.010755999945104122,7002688
2019-07-31T00:00:00.000000Z,0.010749000124633312,0.011377999559044838,0.010716999880969524,0.010936999693512917,15461165
2019-08-01T00:00:00.000000Z,0.01095299981534481,0.010982000268995762,0.01030299998819828,0.010433999821543694,8800492
2019-08-02T00:00:00.000000Z,0.01044899970293045,0.010734999552369118,0.010147999972105026,0.010280000045895576,7805325
2019-08-03T00:00:00.000000Z,0.010280000045895576,0.010529999621212482,0.010214000009000301,0.010328999720513821,6404859
2019-08-04T00:00:00.000000Z,0.010332999750971794,0.01044899970293045,0.010030999779701233,0.010103999637067318,5523881
2019-08-05T00:00:00.000000Z,0.010103999637067318,0.010200000368058681,0.0099080000072717667,0.010057000443339348,8538469
2019-08-06T00:00:00.000000Z,0.010058999992907047,0.010063000023365021,0.0091739995405077934,0.0092420000582933426,10806776
2019-08-07T00:00:00.000000Z,0.0092479996383190155,0.0095089999958872795,0.0088560003787279129,0.0089069996029138565,9458346
2019-08-08T00:00:00.000000Z,0.0089069996029138565,0.0089349998161196709,0.0083969999104738235,0.0085150003433227539,8962427
2019-08-09T00:00:00.000000Z,0.0085089998319745064,0.0085730003193020821,0.007899000309407711,0.0079619996249675751,9169030
2019-08-10T00:00:00.000000Z,0.0079619996249675751,0.0084170000627636909,0.0079370001330971718,0.0083779999986290932,6993969
2019-08-11T00:00:00.000000Z,0.0083670001477003098,0.010320999659597874,0.0083469999954104424,0.0088809998705983162,29478048
2019-08-12T00:00:00.000000Z,0.0088820001110434532,0.0092270001769065857,0.0087289996445178986,0.0088189998641610146,9166094
2019-08-13T00:00:00.000000Z,0.0088240001350641251,0.0093820001929998398,0.0086639998480677605,0.0087820002809166908,10174795
2019-08-14T00:00:00.000000Z,0.0087839998304843903,0.0088039999827742577,0.0076930001378059387,0.0077010001987218857,9605016
2019-08-15T00:00:00.000000Z,0.0076919998973608017,0.0077789998613297939,0.0073069999925792217,0.0074399998411536217,9817044
2019-08-16T00:00:00.000000Z,0.0074359998106956482,0.0074849999509751797,0.0070949997752904892,0.0073299999348819256,5529777
2019-08-17T00:00:00.000000Z,0.0073210000991821289,0.007825000211596489,0.0072449999861419201,0.0076970001682639122,5144474
2019-08-18T00:00:00.000000Z,0.0076990001834928989,0.0078720003366470337,0.0074789999052882195,0.0078010000288486481,5113398
2019-08-19T00:00:00.000000Z,0.0078070000745356083,0.0079849995672702789,0.0077039999887347221,0.0077379997819662094,5864403
2019-08-20T00:00:00.000000Z,0.0077619999647140503,0.0078130001202225685,0.0074160001240670681,0.0075530000030994415,5461764
2019-08-21T00:00:00.000000Z,0.0075530000030994415,0.007592999842017889,0.0069430000148713589,0.0071620000526309013,5774228
2019-08-22T00:00:00.000000Z,0.0071620000526309013,0.0076370001770555973,0.0069820000790059566,0.0075900000520050526,7539263
2019-08-23T00:00:00.000000Z,0.0075900000520050526,0.0077120000496506691,0.0074220001697540283,0.0076790000312030315,6242494
2019-08-24T00:00:00.000000Z,0.0076879998669028282,0.0088200001046061516,0.0076589998789131641,0.0085310004651546478,23639466
2019-08-25T00:00:00.000000Z,0.0085279997438192368,0.0088179996237158775,0.0079380003735423088,0.0080380002036690712,15711008
2019-08-26T00:00:00.000000Z,0.0080399997532367706,0.0086660003289580345,0.0080000003799796104,0.0084410002455115318,11242378
2019-08-27T00:00:00.000000Z,0.0084340004250407219,0.0084419995546340942,0.0078320000320672989,0.0079589998349547386,8914820
2019-08-28T00:00:00.000000Z,0.0079680001363158226,0.0081270001828670502,0.0072139999829232693,0.0072730001993477345,8231529
2019-08-29T00:00:00.000000Z,0.0072650001384317875,0.0072929998859763145,0.0068419999442994595,0.0070119998417794704,8229592
2019-08-30T00:00:00.000000Z,0.0070119998417794704,0.0071089998818933964,0.0069120000116527081,0.007046000100672245,6006373
2019-08-31T00:00:00.000000Z,0.007046000100672245,0.0071589997969567776,0.0069149998016655445,0.0069809998385608196,5724032
2019-09-01T00:00:00.000000Z,0.0069800000637769699,0.0071589997969567776,0.0069070002064108849,0.0070859999395906925,5658199
2019-09-02T00:00:00.000000Z,0.0070810001343488693,0.0071979998610913754,0.0068930000998079777,0.0071450001560151577,6254085
2019-09-03T00:00:00.000000Z,0.007143000140786171,0.0072719999589025974,0.0069699999876320362,0.0071660000830888748,8870172
2019-09-04T00:00:00.000000Z,0.0071700001135468483,0.0072019998915493488,0.0069670001976191998,0.0070380000397562981,6383993
2019-09-05T00:00:00.000000Z,0.007036999799311161,0.0070870001800358295,0.0067420001141726971,0.006837999913841486,6697159
2019-09-06T00:00:00.000000Z,0.006837999913841486,0.0069129997864365578,0.0065410002134740353,0.0065910001285374165,6851785
2019-09-07T00:00:00.000000Z,0.0066049997694790363,0.0069289999082684517,0.0065529998391866684,0.0069070002064108849,8362400
2019-09-08T00:00:00.000000Z,0.006876000203192234,0.0070310002192854881,0.0067980000749230385,0.0069360001944005489,6986914
2019-09-09T00:00:00.000000Z,0.0069220000877976418,0.0072180000133812428,0.0066840001381933689,0.007135000079870224,8341132
2019-09-10T00:00:00.000000Z,0.0071180001832544804,0.0071809999644756317,0.0067779999226331711,0.0069309999234974384,7357073
2019-09-11T00:00:00.000000Z,0.0069349999539554119,0.0074649997986853123,0.0067349998280405998,0.0068839997984468937,13957251
2019-09-12T00:00:00.000000Z,0.0068839997984468937,0.0069809998385608196,0.0066630002111196518,0.006874999962747097,7838730
2019-09-13T00:00:00.000000Z,0.006881999783217907,0.0069340001791715622,0.0067270002327859402,0.0069289999082684517,6461939
2019-09-14T00:00:00.000000Z,0.0069289999082684517,0.0070670000277459621,0.0067349998280405998,0.007036999799311161,6634020
2019-09-15T00:00:00.000000Z,0.007036999799311161,0.0070940000005066395,0.0068239998072385788,0.0070659997873008251,6768839
2019-09-16T00:00:00.000000Z,0.0070690000429749489,0.0075830002315342426,0.006926999893039465,0.0069380002096295357,8888811
2019-09-17T00:00:00.000000Z,0.0069450000301003456,0.0073609999381005764,0.0068740001879632473,0.0071930000558495522,9977994
2019-09-18T00:00:00.000000Z,0.0071939998306334019,0.0076799998059868813,0.0071640000678598881,0.0075679998844861984,11826881
2019-09-19T00:00:00.000000Z,0.0075719999149441719,0.0075730001553893089,0.0069980002008378506,0.0072460002265870571,10546980
2019-09-20T00:00:00.000000Z,0.007261000107973814,0.007269000168889761,0.0070360000245273113,0.0071240002289414406,10865112
2019-09-21T00:00:00.000000Z,0.0071290000341832638,0.0072470000013709068,0.0068199997767806053,0.0069369999691843987,14254215
2019-09-22T00:00:00.000000Z,0.0069570001214742661,0.0070299999788403511,0.0065750000067055225,0.0067340000532567501,13686155
2019-09-23T00:00:00.000000Z,0.0067210001870989799,0.0067719998769462109,0.0063530001789331436,0.0063829999417066574,13385187
2019-09-24T00:00:00.000000Z,0.0063769998960196972,0.0064770001918077469,0.005061000119894743,0.0050739999860525131,15637318
2019-09-25T00:00:00.000000Z,0.005061000119894743,0.0052579999901354313,0.0048050000332295895,0.0050710001960396767,16074062
2019-09-26T00:00:00.000000Z,0.0050639999099075794,0.0051899999380111694,0.0045670000836253166,0.0048520001582801342,16201744
2019-09-27T00:00:00.000000Z,0.0048480001278221607,0.0050730002112686634,0.0047329999506473541,0.0050380001775920391,16661211
2019-09-28T00:00:00.000000Z,0.0050550000742077827,0.0059719998389482498,0.0049669998697936535,0.0059130000881850719,27655455
2019-09-29T00:00:00.000000Z,0.0059090000577270985,0.0060410001315176487,0.0050099999643862247,0.0055160000920295715,22019552
2019-09-30T00:00:00.000000Z,0.0054939999245107174,0.0055399998091161251,0.0050340001471340656,0.0051469998434185982,16866158
2019-10-01T00:00:00.000000Z,0.0051460000686347485,0.0059679998084902763,0.0050229998305439949,0.0059199999086558819,32020143
2019-10-02T00:00:00.000000Z,0.0059199999086558819,0.0061019998975098133,0.0053019998595118523,0.0053969998843967915,18197894
2019-10-03T00:00:00.000000Z,0.0054069999605417252,0.005528000183403492,0.0049100001342594624,0.0053199999965727329,15853076
2019-10-04T00:00:00.000000Z,0.0053010000847280025,0.0054999999701976776,0.005135000217705965,0.0053820000030100346,16998509
2019-10-05T00:00:00.000000Z,0.0053820000030100346,0.0055320002138614655,0.0051950002089142799,0.0053699999116361141,16468446
2019-10-06T00:00:00.000000Z,0.0053550000302493572,0.0061510000377893448,0.0053170002065598965,0.0059199999086558819,31059975
2019-10-07T00:00:00.000000Z,0.0059250001795589924,0.006039000116288662,0.0056429998949170113,0.0058639999479055405,25323480
2019-10-08T00:00:00.000000Z,0.0058410000056028366,0.006318999920040369,0.0057819997891783714,0.0062299999408423901,29470334
2019-10-09T00:00:00.000000Z,0.0062239998951554298,0.0070629999972879887,0.0060700001195073128,0.0061969999223947525,24051488
2019-10-10T00:00:00.000000Z,0.0061880000866949558,0.0070670000277459621,0.0061039999127388,0.0064989998936653137,25028714
2019-10-11T00:00:00.000000Z,0.0065000001341104507,0.0065600001253187656,0.0055590001866221428,0.0060100001282989979,10030541
2019-10-12T00:00:00.000000Z,0.0060239997692406178,0.0060259997844696045,0.0057609998621046543,0.0057950001209974289,7420215
2019-10-13T00:00:00.000000Z,0.0057970001362264156,0.0058539998717606068,0.0056239999830722809,0.0057169999927282333,5362846
2019-10-14T00:00:00.000000Z,0.0057169999927282333,0.0057870000600814819,0.0056909997947514057,0.005743000190705061,5821494
2019-10-15T00:00:00.000000Z,0.0057569998316466808,0.0057850000448524952,0.0055700000375509262,0.0055929999798536301,6047149
2019-10-16T00:00:00.000000Z,0.0055909999646246433,0.0056130001321434975,0.00508899986743927,0.0051979999989271164,6107789
2019-10-17T00:00:00.000000Z,0.0052029998041689396,0.0054709999822080135,0.0051540001295506954,0.0053960001096129417,5665914
2019-10-18T00:00:00.000000Z,0.0053960001096129417,0.005431000143289566,0.0050949999131262302,0.0051830001175403595,5600609
2019-10-19T00:00:00.000000Z,0.0051950002089142799,0.0052860002033412457,0.0051640002056956291,0.005179000087082386,4693841
2019-10-20T00:00:00.000000Z,0.005179000087082386,0.0052740001119673252,0.0051520001143217087,0.0052410000935196877,4489586
2019-10-21T00:00:00.000000Z,0.0052399998530745506,0.0053880000486969948,0.0052209999412298203,0.0053799999877810478,5562557
2019-10-22T00:00:00.000000Z,0.0053799999877810478,0.0054040001705288887,0.0052189999260008335,0.0052249999716877937,5028026
2019-10-23T00:00:00.000000Z,0.005222999956458807,0.0052530001848936081,0.0046780002303421497,0.0047840001061558723,6069803
2019-10-24T00:00:00.000000Z,0.0047840001061558723,0.0049919998273253441,0.0047209998592734337,0.0049129999242722988,5785760
2019-10-25T00:00:00.000000Z,0.0049129999242722988,0.0053739999420940876,0.0048589999787509441,0.0053289998322725296,7871940
2019-10-26T00:00:00.000000Z,0.0053289998322725296,0.0054219998419284821,0.0050570000894367695,0.0051589999347925186,9837725
2019-10-27T00:00:00.000000Z,0.0051640002056956291,0.0060720001347362995,0.0051079997792840004,0.0057069999165832996,16342732
2019-10-28T00:00:00.000000Z,0.0057049999013543129,0.006155999843031168,0.0056489999406039715,0.0056509999558329582,13726737
2019-10-29T00:00:00.000000Z,0.0056500001810491085,0.0058180000633001328,0.0056380000896751881,0.0057729999534785748,12924804
2019-10-30T00:00:00.000000Z,0.0057700001634657383,0.0059210001491010189,0.0054859998635947704,0.005609000101685524,9228026
2019-10-31T00:00:00.000000Z,0.0056070000864565372,0.0057020001113414764,0.0053480002097785473,0.0056380000896751881,7028961
2019-11-01T00:00:00.000000Z,0.0056409998796880245,0.0065319999121129513,0.0056409998796880245,0.0063430001027882099,27482873
2019-11-02T00:00:00.000000Z,0.0063439998775720596,0.0063550001941621304,0.0060279997996985912,0.0061180000193417072,10510874
2019-11-03T00:00:00.000000Z,0.0061189997941255569,0.0061309998854994774,0.005932999774813652,0.0059930002316832542,6761547
2019-11-04T00:00:00.000000Z,0.005994000006467104,0.006318999920040369,0.00597799988463521,0.0062609999440610409,23264713
2019-11-05T00:00:00.000000Z,0.0062609999440610409,0.0064320000819861889,0.0062290001660585403,0.0062930001877248287,9890948
2019-11-06T00:00:00.000000Z,0.006281999871134758,0.0065799998119473457,0.0062230001203715801,0.0064050001092255116,10364089
2019-11-07T00:00:00.000000Z,0.006407999899238348,0.0066129998303949833,0.0063049998134374619,0.0066030002199113369,11752924
2019-11-08T00:00:00.000000Z,0.0066010002046823502,0.0066180001012980938,0.0058229998685419559,0.0060709998942911625,10864656
2019-11-09T00:00:00.000000Z,0.0060720001347362995,0.0060879997909069061,0.0058960001915693283,0.0060169999487698078,6982253
2019-11-10T00:00:00.000000Z,0.0060209999792277813,0.0060629998333752155,0.0058709997683763504,0.0060330000706017017,7714960
2019-11-11T00:00:00.000000Z,0.006031000055372715,0.0060510002076625824,0.0057299998588860035,0.0057660001330077648,6517634
2019-11-12T00:00:00.000000Z,0.0057649998925626278,0.0059630000032484531,0.0057040001265704632,0.0059560001827776432,6172021
2019-11-13T00:00:00.000000Z,0.0059520001523196697,0.0059620002284646034,0.0057899998500943184,0.0058550001122057438,5724177
2019-11-14T00:00:00.000000Z,0.0058619999326765537,0.0062790000811219215,0.0057589998468756676,0.0061309998854994774,11003029
2019-11-15T00:00:00.000000Z,0.0061349999159574509,0.0066920001991093159,0.0060419999063014984,0.0066829998977482319,22607724
2019-11-16T00:00:00.000000Z,0.0066869999282062054,0.0069090002216398716,0.0064050001092255116,0.0067090000957250595,19236617
2019-11-17T00:00:00.000000Z,0.0067079998552799225,0.0069140000268816948,0.0066289999522268772,0.0066570001654326916,11757775
2019-11-18T00:00:00.000000Z,0.0066470000892877579,0.0066610001958906651,0.0060120001435279846,0.006192999891936779,13249225
2019-11-19T00:00:00.000000Z,0.0061949999071657658,0.0062680002301931381,0.0056329998187720776,0.0059790001250803471,13327117
2019-11-20T00:00:00.000000Z,0.0059790001250803471,0.0061229998245835304,0.005824000108987093,0.0058329999446868896,9273053
2019-11-21T00:00:00.000000Z,0.0058309999294579029,0.0058570001274347305,0.0051319999620318413,0.0052640000358223915,9140405
2019-11-22T00:00:00.000000Z,0.0052640000358223915,0.0053909998387098312,0.004414999857544899,0.0047690002247691154,10860754
2019-11-23T00:00:00.000000Z,0.0047690002247691154,0.0049789999611675739,0.0046049999073147774,0.0049780001863837242,8217317
2019-11-24T00:00:00.000000Z,0.0049820002168416977,0.0049930000677704811,0.0046399999409914017,0.0046419999562203884,8515209
2019-11-25T00:00:00.000000Z,0.0046339998953044415,0.0049459999427199364,0.0042940001003444195,0.0048239999450743198,11505694
2019-11-26T00:00:00.000000Z,0.0048219999298453331,0.0052780001424252987,0.0047809998504817486,0.0051460000686347485,10450495
2019-11-27T00:00:00.000000Z,0.0051239999011158943,0.005260000005364418,0.0048500001430511475,0.0051520001143217087,9707337
2019-11-28T00:00:00.000000Z,0.0051620001904666424,0.0055089998058974743,0.0051560001447796822,0.0053739999420940876,9509745
2019-11-29T00:00:00.000000Z,0.0053739999420940876,0.0054970001801848412,0.0053340001031756401,0.0054640001617372036,7499343
2019-11-30T00:00:00.000000Z,0.0054600001312792301,0.0055370000191032887,0.0051669999957084656,0.0052809999324381351,6820213
2019-12-01T00:00:00.000000Z,0.0052820001728832722,0.0052899997681379318,0.0050329999066889286,0.0052129998803138733,5909115
2019-12-02T00:00:00.000000Z,0.0052129998803138733,0.0053790002129971981,0.0049789999611675739,0.0053199999965727329,8125028
2019-12-03T00:00:00.000000Z,0.0053199999965727329,0.0057549998164176941,0.0053059998899698257,0.0057029998861253262,11432324
2019-12-04T00:00:00.000000Z,0.005698000080883503,0.0057540000416338444,0.0054069999605417252,0.0054589998908340931,11094570
2019-12-05T00:00:00.000000Z,0.0054569998756051064,0.0057479999959468842,0.0053220000118017197,0.0057310000993311405,9042076
2019-12-06T00:00:00.000000Z,0.005733999889343977,0.0063069998286664486,0.005646000150591135,0.0062049999833106995,16912001
2019-12-07T00:00:00.000000Z,0.0062000001780688763,0.006713000126183033,0.0061639999039471149,0.0064480002038180828,17268927
2019-12-08T00:00:00.000000Z,0.0064300000667572021,0.0069820000790059566,0.0063209999352693558,0.0065310001373291016,15955487
2019-12-09T00:00:00.000000Z,0.0065290001221001148,0.0067170001566410065,0.0061050001531839371,0.0061059999279677868,13471769
2019-12-10T00:00:00.000000Z,0.0061090001836419106,0.0061750002205371857,0.0054330001585185528,0.0055760000832378864,14333176
2019-12-11T00:00:00.000000Z,0.0055780000984668732,0.0057899998500943184,0.0054529998451471329,0.0056280000135302544,9100760
2019-12-12T00:00:00.000000Z,0.0056309998035430908,0.0056859999895095825,0.0052419998683035374,0.0052889999933540821,8526575
2019-12-13T00:00:00.000000Z,0.0052860002033412457,0.0055610002018511295,0.0052769999019801617,0.0055459998548030853,7337823
2019-12-14T00:00:00.000000Z,0.0055450000800192356,0.0055880001746118069,0.0050269998610019684,0.0051629999652504921,7646101
2019-12-15T00:00:00.000000Z,0.0051730000413954258,0.0051939999684691429,0.0050030001439154148,0.0051620001904666424,5902071
2019-12-16T00:00:00.000000Z,0.0051620001904666424,0.005169999785721302,0.0048150001093745232,0.0048310002312064171,5995968
2019-12-17T00:00:00.000000Z,0.0048310002312064171,0.004846000112593174,0.0043520000763237476,0.0044209999032318592,7070834
2019-12-18T00:00:00.000000Z,0.0044209999032318592,0.0051810001023113728,0.0043810000643134117,0.0051400000229477882,12488146
2019-12-19T00:00:00.000000Z,0.0051429998129606247,0.0052089998498558998,0.0048879999667406082,0.0049620000645518303,9555993
2019-12-20T00:00:00.000000Z,0.004964000079780817,0.005096999928355217,0.0049109999090433121,0.0050789997912943363,7613939
2019-12-21T00:00:00.000000Z,0.0050800000317394733,0.0051389997825026512,0.0048440000973641872,0.0048580002039670944,6186183
2019-12-22T00:00:00.000000Z,0.0048639997839927673,0.0049649998545646667,0.0048420000821352005,0.0049319998361170292,6859831
2019-12-23T00:00:00.000000Z,0.0049319998361170292,0.0049649998545646667,0.0047160000540316105,0.0047419997863471508,5697521
2019-12-24T00:00:00.000000Z,0.0047410000115633011,0.0049080001190304756,0.0046689999289810658,0.0047349999658763409,5598607
2019-12-25T00:00:00.000000Z,0.0047349999658763409,0.0047610001638531685,0.0046020001173019409,0.0046729999594390392,5270932
2019-12-26T00:00:00.000000Z,0.004674999974668026,0.0047369999811053276,0.004585999995470047,0.0046060001477599144,4799060
2019-12-27T00:00:00.000000Z,0.0046060001477599144,0.0048150001093745232,0.0046060001477599144,0.0047670002095401287,5170039
2019-12-28T00:00:00.000000Z,0.0047659999690949917,0.0048219999298453331,0.0047030001878738403,0.0047089997678995132,3900417
2019-12-29T00:00:00.000000Z,0.0047019999474287033,0.004846000112593174,0.0046700001694262028,0.004720000084489584,4160137
2019-12-30T00:00:00.000000Z,0.0047240001149475574,0.0047659999690949917,0.0045610000379383564,0.0045759999193251133,4729517
2019-12-31T00:00:00.000000Z,0.0045799999497830868,0.0045929998159408569,0.0044189998880028725,0.0044740000739693642,5124665
2020-01-01T00:00:00.000000Z,0.0044740000739693642,0.0045699998736381531,0.0044700000435113907,0.0045380000956356525,4366624
2020-01-02T00:00:00.000000Z,0.0045400001108646393,0.0045460001565515995,0.0043379999697208405,0.0043830000795423985,4818955
2020-01-03T00:00:00.000000Z,0.0043950001709163189,0.0045909998007118702,0.0043210000731050968,0.004542000126093626,5095545
2020-01-04T00:00:00.000000Z,0.0045400001108646393,0.0046250000596046448,0.0045019998215138912,0.0046109999530017376,4303232
2020-01-05T00:00:00.000000Z,0.0046100001782178879,0.0047149998135864735,0.004594000056385994,0.0046430001966655254,4324882
2020-01-06T00:00:00.000000Z,0.0046439999714493752,0.0050409999676048756,0.0046439999714493752,0.0048560001887381077,9655153
2020-01-07T00:00:00.000000Z,0.0048500001430511475,0.004935000091791153,0.0047260001301765442,0.0048130000941455364,7585643
2020-01-08T00:00:00.000000Z,0.0048139998689293861,0.0048420000821352005,0.0045810001902282238,0.0046970001421868801,7935354
2020-01-09T00:00:00.000000Z,0.0046930001117289066,0.0047209998592734337,0.0045309998095035553,0.0046140002086758614,4956193
2020-01-10T00:00:00.000000Z,0.0046109999530017376,0.0046560000628232956,0.0045389998704195023,0.0046560000628232956,5144893
2020-01-11T00:00:00.000000Z,0.004658999852836132,0.0046930001117289066,0.004594000056385994,0.0046410001814365387,4930285
2020-01-12T00:00:00.000000Z,0.0046379999257624149,0.004792999941855669,0.0046359999105334282,0.004765000194311142,4662670
2020-01-13T00:00:00.000000Z,0.0047659999690949917,0.0047749998047947884,0.0046459999866783619,0.0046640001237392426,4077335
2020-01-14T00:00:00.000000Z,0.0046640001237392426,0.00508899986743927,0.004631000105291605,0.0050440002232789993,8433473
2020-01-15T00:00:00.000000Z,0.0050409999676048756,0.0052939997985959053,0.0049990001134574413,0.005179000087082386,9962954
2020-01-16T00:00:00.000000Z,0.0051839998923242092,0.0052040000446140766,0.0049669998697936535,0.0050869998522102833,6427135
2020-01-17T00:00:00.000000Z,0.0050909998826682568,0.0054950001649558544,0.0050769997760653496,0.0054219998419284821,9561650
2020-01-18T00:00:00.000000Z,0.0054290001280605793,0.0054500000551342964,0.0052570002153515816,0.0052889999933540821,7323755
2020-01-19T00:00:00.000000Z,0.0052880002185702324,0.00534099992364645,0.0049450001679360867,0.0050719999708235264,6125509
2020-01-20T00:00:00.000000Z,0.0050710001960396767,0.0051150000654160976,0.0049749999307096004,0.0050670001655817032,5647442
2020-01-21T00:00:00.000000Z,0.0050679999403655529,0.0051669999957084656,0.0049990001134574413,0.0051009999588131905,5479763
2020-01-22T00:00:00.000000Z,0.0051049999892711639,0.0052430001087486744,0.0050809998065233231,0.005224000196903944,5629512
2020-01-23T00:00:00.000000Z,0.005224000196903944,0.005268000066280365,0.0049569997936487198,0.0050030001439154148,5266346
2020-01-24T00:00:00.000000Z,0.0050050001591444016,0.005007999949157238,0.0048150001093745232,0.0049689998850226402,4901979
2020-01-25T00:00:00.000000Z,0.0049689998850226402,0.0050050001591444016,0.0048810001462697983,0.0049470001831650734,4244456
2020-01-26T00:00:00.000000Z,0.0049459999427199364,0.0051159998401999474,0.0048859999515116215,0.0051079997792840004,5244718
2020-01-27T00:00:00.000000Z,0.0051079997792840004,0.0051489998586475849,0.005051999818533659,0.005106000229716301,5707304
2020-01-28T00:00:00.000000Z,0.0051070000045001507,0.0053010000847280025,0.0050650001503527164,0.0053010000847280025,6315264
2020-01-29T00:00:00.000000Z,0.0052950000390410423,0.0056810001842677593,0.005224000196903944,0.0055329999886453152,11724495
2020-01-30T00:00:00.000000Z,0.0055309999734163284,0.0055909999646246433,0.0054210000671446323,0.0055359997786581516,7694794
2020-01-31T00:00:00.000000Z,0.0055359997786581516,0.0059980000369250774,0.0054870001040399075,0.0059019997715950012,13972166
2020-02-01T00:00:00.000000Z,0.0059019997715950012,0.0060959998518228531,0.0058740000240504742,0.0060020000673830509,10011019
2020-02-02T00:00:00.000000Z,0.0060009998269379139,0.0063220001757144928,0.0058450000360608101,0.0062029999680817127,10863054
2020-02-03T00:00:00.000000Z,0.0062040002085268497,0.006498000118881464,0.0060870000161230564,0.0061889998614788055,11074596
2020-02-04T00:00:00.000000Z,0.0061860000714659691,0.0067699998617172241,0.0061449999921023846,0.0067639998160302639,15802995
2020-02-05T00:00:00.000000Z,0.0067679998464882374,0.0069320001639425755,0.0065839998424053192,0.0068149999715387821,15618521
2020-02-06T00:00:00.000000Z,0.0068129999563097954,0.0073270001448690891,0.0067010000348091125,0.0073009999468922615,14730813
2020-02-07T00:00:00.000000Z,0.007304999977350235,0.0081129996106028557,0.0071240002289414406,0.0080909999087452888,21384605
2020-02-08T00:00:00.000000Z,0.0081249997019767761,0.0081390002742409706,0.0073130000382661819,0.00748400017619133,19401021
2020-02-09T00:00:00.000000Z,0.0074950000271201134,0.0078680003061890602,0.0074169998988509178,0.0078590000048279762,17354225
2020-02-10T00:00:00.000000Z,0.0078790001571178436,0.0081040002405643463,0.007296999916434288,0.0075739999301731586,17596197
2020-02-11T00:00:00.000000Z,0.0075750001706182957,0.0081259999424219131,0.0073069999925792217,0.0081209996715188026,14917488
2020-02-12T00:00:00.000000Z,0.0081150000914931297,0.0084800003096461296,0.0079920003190636635,0.0083330003544688225,18347546
2020-02-13T00:00:00.000000Z,0.0083299996331334114,0.0086749996989965439,0.0079809995368123055,0.0082630002871155739,18612933
2020-02-14T00:00:00.000000Z,0.0082639995962381363,0.0091369999572634697,0.0081690000370144844,0.0090260002762079239,21938231
2020-02-15T00:00:00.000000Z,0.0090260002762079239,0.0098679997026920319,0.0080350004136562347,0.0082219997420907021,30413918
2020-02-16T00:00:00.000000Z,0.0082320002838969231,0.0087109999731183052,0.0071390001103281975,0.0078729996457695961,21657917
2020-02-17T00:00:00.000000Z,0.0078490003943443298,0.0078539997339248657,0.006756999995559454,0.0074490001425147057,19457453
2020-02-18T00:00:00.000000Z,0.0074510001577436924,0.0079319998621940613,0.0072420001961290836,0.0078999996185302734,15785849
2020-02-19T00:00:00.000000Z,0.0079020000994205475,0.0079020000994205475,0.0069220000877976418,0.0069439997896552086,60041031
2020-02-20T00:00:00.000000Z,0.0069430000148713589,0.0074869999662041664,0.0068999999202787876,0.0073029999621212482,139685189
2020-02-21T00:00:00.000000Z,0.0073009999468922615,0.0077889999374747276,0.0071370000950992107,0.00737799983471632,157172302
2020-02-22T00:00:00.000000Z,0.0074140001088380814,0.0075409999117255211,0.0070250001735985279,0.0073609999381005764,195206139
2020-02-23T00:00:00.000000Z,0.0074399998411536217,0.0078450003638863564,0.0072719999589025974,0.0077550001442432404,188731940
2020-02-24T00:00:00.000000Z,0.0077599999494850636,0.0078600002452731133,0.0069619999267160892,0.0072289998643100262,177520214
2020-02-25T00:00:00.000000Z,0.0072280000895261765,0.0072289998643100262,0.0064369998872280121,0.0064559997990727425,104828989
2020-02-26T00:00:00.000000Z,0.006453000009059906,0.0065299998968839645,0.0053810002282261848,0.00572599982842803,78014630
2020-02-27T00:00:00.000000Z,0.0057290000841021538,0.006318999920040369,0.005439000204205513,0.0059480001218616962,116744136
2020-02-28T00:00:00.000000Z,0.0059469998814165592,0.0062159998342394829,0.0056790001690387726,0.005932999774813652,115226271
2020-02-29T00:00:00.000000Z,0.0059349997900426388,0.0061539998278021812,0.0057950001209974289,0.0060049998573958874,107562799
2020-03-01T00:00:00.000000Z,0.0059989998117089272,0.006281999871134758,0.0056960000656545162,0.0058459998108446598,103515007
2020-03-02T00:00:00.000000Z,0.0058450000360608101,0.006364000029861927,0.0058220000937581062,0.0061920001171529293,48793613
2020-03-03T00:00:00.000000Z,0.0061420002020895481,0.0063590002246201038,0.0060490001924335957,0.0060789999552071095,14272008
2020-03-04T00:00:00.000000Z,0.0060789999552071095,0.0062159998342394829,0.0060049998573958874,0.0061220000497996807,12230750
2020-03-05T00:00:00.000000Z,0.0061150002293288708,0.0063579999841749668,0.0061150002293288708,0.0062440000474452972,9736515
2020-03-06T00:00:00.000000Z,0.0062440000474452972,0.0071870000101625919,0.0062159998342394829,0.0069780000485479832,21533105
2020-03-07T00:00:00.000000Z,0.0069769998081028461,0.0076629999093711376,0.0067159999161958694,0.0068990001454949379,19997525
2020-03-08T00:00:00.000000Z,0.0068959998898208141,0.0069079999811947346,0.0057819997891783714,0.0057939998805522919,13516543
2020-03-09T00:00:00.000000Z,0.0057930001057684422,0.0059799998998641968,0.0055399998091161251,0.0059179998934268951,16686286
2020-03-10T00:00:00.000000Z,0.0059270001947879791,0.006200999952852726,0.0057899998500943184,0.0059850001707673073,13766637
2020-03-11T00:00:00.000000Z,0.0059799998998641968,0.0060789999552071095,0.0053599998354911804,0.0057479999959468842,10340375
2020-03-12T00:00:00.000000Z,0.0057470002211630344,0.0057580000720918179,0.0032049999572336674,0.0032639999408274889,15539129
2020-03-13T00:00:00.000000Z,0.0032369999680668116,0.0038560000248253345,0.0024770000018179417,0.0035639998968690634,18556267
2020-03-14T00:00:00.000000Z,0.0035659999120980501,0.0038060001097619534,0.0034159999340772629,0.0035329998936504126,10790039
2020-03-15T00:00:00.000000Z,0.0035300001036375761,0.0039599998854100704,0.003519000019878149,0.0037150001153349876,9925473
2020-03-16T00:00:00.000000Z,0.0037130001001060009,0.0037130001001060009,0.0029440000653266907,0.0033420000690966845,10806186
2020-03-17T00:00:00.000000Z,0.0033430000767111778,0.0037030000239610672,0.0033430000767111778,0.0034519999753683805,7238035
2020-03-18T00:00:00.000000Z,0.0034429999068379402,0.0035329998936504126,0.0033050000201910734,0.0034300000406801701,6606421
2020-03-19T00:00:00.000000Z,0.0034300000406801701,0.0041860002093017101,0.0034270000178366899,0.0040400000289082527,10512428
2020-03-20T00:00:00.000000Z,0.0040420000441372395,0.0044300002045929432,0.003599999938160181,0.0038850000128149986,11281013
2020-03-21T00:00:00.000000Z,0.0038999998942017555,0.0040469998493790627,0.0036840001121163368,0.0039180000312626362,7705512
2020-03-22T00:00:00.000000Z,0.0039160000160336494,0.0041470001451671124,0.0035870000720024109,0.003599999938160181,8376164
2020-03-23T00:00:00.000000Z,0.003599999938160181,0.0038640000857412815,0.0035230000503361225,0.0038640000857412815,8341094
2020-03-24T00:00:00.000000Z,0.0038560000248253345,0.0039820000529289246,0.0037589999847114086,0.0039209998212754726,7590144
2020-03-25T00:00:00.000000Z,0.0039240000769495964,0.0039639999158680439,0.0038079998921602964,0.003894000081345439,6892885
2020-03-26T00:00:00.000000Z,0.003894000081345439,0.0039579998701810837,0.0037100000772625208,0.0039140000008046627,6676893
2020-03-27T00:00:00.000000Z,0.0039140000008046627,0.0039389999583363533,0.0037650000303983688,0.0037670000456273556,6125445
2020-03-28T00:00:00.000000Z,0.0037670000456273556,0.0038320000749081373,0.003582000033929944,0.0037700000684708357,7274321
2020-03-29T00:00:00.000000Z,0.0037680000532418489,0.0037769998889416456,0.0035280000884085894,0.0035379999317228794,5318463
2020-03-30T00:00:00.000000Z,0.0035399999469518661,0.0038280000444501638,0.0035159999970346689,0.0038169999606907368,6737878
2020-03-31T00:00:00.000000Z,0.0038099999073892832,0.0038530000019818544,0.0037169998977333307,0.0038119999226182699,6384031
2020-04-01T00:00:00.000000Z,0.0038119999226182699,0.0038670001085847616,0.0036830001045018435,0.0038670001085847616,5876651
2020-04-02T00:00:00.000000Z,0.0038660001009702682,0.0040770000778138638,0.0038660001009702682,0.0039679999463260174,6774295
2020-04-03T00:00:00.000000Z,0.0039679999463260174,0.0040489998646080494,0.0039189998060464859,0.0039590001106262207,5761979
2020-04-04T00:00:00.000000Z,0.0039590001106262207,0.0040930001996457577,0.0039349999278783798,0.0040879999287426472,6024565
2020-04-05T00:00:00.000000Z,0.0040919999592006207,0.0043469998054206371,0.0040350002236664295,0.0043250001035630703,10506045
2020-04-06T00:00:00.000000Z,0.0043310001492500305,0.0048969998024404049,0.0043130000121891499,0.004668000154197216,20071062
2020-04-07T00:00:00.000000Z,0.0046740001998841763,0.0047800000756978989,0.0044909999705851078,0.0045139999128878117,10856890
2020-04-08T00:00:00.000000Z,0.0045170001685619354,0.0046939998865127563,0.0044920002110302448,0.0046140002086758614,9022948
2020-04-09T00:00:00.000000Z,0.0046129999682307243,0.0047140000388026237,0.0044880001805722713,0.0046529998071491718,7713047
2020-04-10T00:00:00.000000Z,0.0046549998223781586,0.0046700001694262028,0.004120000172406435,0.0041849999688565731,8337456
2020-04-11T00:00:00.000000Z,0.0041849999688565731,0.0042650001123547554,0.0041169999167323112,0.004244999960064888,6040756
2020-04-12T00:00:00.000000Z,0.0042420001700520515,0.0043930001556873322,0.0041990000754594803,0.0042699999175965786,6784021
2020-04-13T00:00:00.000000Z,0.0042650001123547554,0.0042670001275837421,0.0040679997764527798,0.0041120001114904881,7540125
2020-04-14T00:00:00.000000Z,0.0041049998253583908,0.0042030001059174538,0.0040710000321269035,0.0041209999471902847,6605865
2020-04-15T00:00:00.000000Z,0.004118999931961298,0.0042039998807013035,0.004002000205218792,0.0040110000409185886,6553443
2020-04-16T00:00:00.000000Z,0.0040090000256896019,0.0043100002221763134,0.0039079999551177025,0.0042960001155734062,8541559
2020-04-17T00:00:00.000000Z,0.0042940001003444195,0.0042949998751282692,0.0041860002093017101,0.0042159999720752239,7230154
2020-04-18T00:00:00.000000Z,0.0042150001972913742,0.0043930001556873322,0.004209000151604414,0.0043839998543262482,7836334
2020-04-19T00:00:00.000000Z,0.0043859998695552349,0.0044410000555217266,0.0042630000971257687,0.0042679999023675919,7142307
2020-04-20T00:00:00.000000Z,0.0042659998871386051,0.0043830000795423985,0.0040620001964271069,0.0040620001964271069,8762602
2020-04-21T00:00:00.000000Z,0.0040600001811981201,0.0041869999840855598,0.004038000013679266,0.0041359998285770416,7235079
2020-04-22T00:00:00.000000Z,0.0041359998285770416,0.0043009999208152294,0.0040690000168979168,0.0042150001972913742,6839712
2020-04-23T00:00:00.000000Z,0.0042139999568462372,0.0043580001220107079,0.004120000172406435,0.0043250001035630703,8233383
2020-04-24T00:00:00.000000Z,0.0043250001035630703,0.0047670002095401287,0.0043199998326599598,0.0046790000051259995,11157631
2020-04-25T00:00:00.000000Z,0.0046780002303421497,0.0048549999482929707,0.004623000044375658,0.0048119998537003994,9826278
2020-04-26T00:00:00.000000Z,0.0048119998537003994,0.0052709998562932014,0.0048059998080134392,0.0050590001046657562,13706663
2020-04-27T00:00:00.000000Z,0.005061000119894743,0.0052749998867511749,0.0048329997807741165,0.0050309998914599419,11786473
2020-04-28T00:00:00.000000Z,0.0050260000862181187,0.0050690001808106899,0.0048940000124275684,0.0050139999948441982,9060107
2020-04-29T00:00:00.000000Z,0.0050130002200603485,0.0053920000791549683,0.0049919998273253441,0.0053889998234808445,11675654
2020-04-30T00:00:00.000000Z,0.0053869998082518578,0.005690000019967556,0.0051910001784563065,0.0055229999125003815,16033691
2020-05-01T00:00:00.000000Z,0.0055229999125003815,0.0061750002205371857,0.005520000122487545,0.0059839999303221703,16554466
2020-05-02T00:00:00.000000Z,0.005987000185996294,0.0062750000506639481,0.00585199985653162,0.0062250001356005669,13113862
2020-05-03T00:00:00.000000Z,0.0062250001356005669,0.0062879999168217182,0.0058789998292922974,0.0060649998486042023,11124175
2020-05-04T00:00:00.000000Z,0.0060709998942911625,0.0076999999582767487,0.0059989998117089272,0.0070299999788403511,59832443
2020-05-05T00:00:00.000000Z,0.0070319999940693378,0.0083060003817081451,0.0068709999322891235,0.0082250004634261131,32584340
2020-05-06T00:00:00.000000Z,0.0082160001620650291,0.0082510001957416534,0.0071200001984834671,0.0071200001984834671,31684377
2020-05-07T00:00:00.000000Z,0.0070890001952648163,0.0074660000391304493,0.0067960000596940517,0.0070989998057484627,25476956
2020-05-08T00:00:00.000000Z,0.0071009998209774494,0.0076290001161396503,0.0068919998593628407,0.0070469998754560947,21333018
2020-05-09T00:00:00.000000Z,0.007046000100672245,0.0073139998130500317,0.0069679999724030495,0.0072010001167654991,15043197
2020-05-10T00:00:00.000000Z,0.0072010001167654991,0.0073110000230371952,0.0061329999007284641,0.0068640001118183136,23557077
2020-05-11T00:00:00.000000Z,0.0068700001575052738,0.0073540001176297665,0.0064619998447597027,0.0070130000822246075,20150630
2020-05-12T00:00:00.000000Z,0.007009000051766634,0.0077990000136196613,0.0069070002064108849,0.0076069999486207962,21470984
2020-05-13T00:00:00.000000Z,0.0076080001890659332,0.0094569995999336243,0.0076080001890659332,0.0094090001657605171,67582305
2020-05-14T00:00:00.000000Z,0.0093940002843737602,0.011037999764084816,0.0085869999602437019,0.010506000369787216,63103400
2020-05-15T00:00:00.000000Z,0.010463000275194645,0.010986999608576298,0.0098179997876286507,0.010073999874293804,52717892
2020-05-16T00:00:00.000000Z,0.010077999904751778,0.011032000184059143,0.0099830003455281258,0.010902999900281429,34180760
2020-05-17T00:00:00.000000Z,0.010902999900281429,0.010905999690294266,0.010451000183820724,0.010604999959468842,28358071
2020-05-18T00:00:00.000000Z,0.010608999989926815,0.010608999989926815,0.0097669996321201324,0.0099640004336833954,28623679
2020-05-19T00:00:00.000000Z,0.0099640004336833954,0.010288000106811523,0.0094379996880888939,0.0097620002925395966,28275173
2020-05-20T00:00:00.000000Z,0.0097540002316236496,0.010068999603390694,0.0094269998371601105,0.0095899999141693115,22430120
2020-05-21T00:00:00.000000Z,0.009593999944627285,0.010154999792575836,0.0085460003465414047,0.0098099997267127037,34226918
2020-05-22T00:00:00.000000Z,0.0097939996048808098,0.010472999885678291,0.009340999647974968,0.010056000202894211,38056914
2020-05-23T00:00:00.000000Z,0.010058999992907047,0.010463000275194645,0.009684000164270401,0.0099179996177554131,27030720
2020-05-24T00:00:00.000000Z,0.009926999919116497,0.010669000446796417,0.0095429997891187668,0.0099409995600581169,36603404
2020-05-25T00:00:00.000000Z,0.0099299997091293335,0.013570000417530537,0.0098190000280737877,0.012471999973058701,130439798
2020-05-26T00:00:00.000000Z,0.01245300006121397,0.013228000141680241,0.011707000434398651,0.012326999567449093,69258533
2020-05-27T00:00:00.000000Z,0.012326999567449093,0.012690999545156956,0.011714999563992023,0.012237999588251114,50153063
2020-05-28T00:00:00.000000Z,0.012250999920070171,0.013050000183284283,0.012005999684333801,0.012376000173389912,42904812
2020-05-29T00:00:00.000000Z,0.012357000261545181,0.012547999620437622,0.012020000256597996,0.012446999549865723,32292266
2020-05-30T00:00:00.000000Z,0.01245300006121397,0.014096000231802464,0.01245300006121397,0.013379000127315521,55320556
2020-05-31T00:00:00.000000Z,0.013379000127315521,0.015325999818742275,0.013379000127315521,0.014813999645411968,80072668
2020-06-01T00:00:00.000000Z,0.014787999913096428,0.017504999414086342,0.014542000368237495,0.016226999461650848,139073185
2020-06-02T00:00:00.000000Z,0.016208000481128693,0.01961199939250946,0.016201000660657883,0.018170999363064766,140340852
2020-06-03T00:00:00.000000Z,0.018160000443458557,0.018371999263763428,0.01691100001335144,0.017992999404668808,64804016
2020-06-04T00:00:00.000000Z,0.017991999164223671,0.01802000030875206,0.016472000628709793,0.016473999246954918,43425868
2020-06-05T00:00:00.000000Z,0.01647300086915493,0.018104000017046928,0.016439000144600868,0.017992999404668808,52803704
2020-06-06T00:00:00.000000Z,0.017992999404668808,0.022422000765800476,0.017970999702811241,0.021259000524878502,142446269
2020-06-07T00:00:00.000000Z,0.021192999556660652,0.022600999101996422,0.020099999383091927,0.022400999441742897,115950810
2020-06-08T00:00:00.000000Z,0.022396000102162361,0.022396000102162361,0.020973000675439835,0.021315999329090118,51130682
2020-06-09T00:00:00.000000Z,0.021307000890374184,0.024625999853014946,0.020834000781178474,0.024488000199198723,90448216
2020-06-10T00:00:00.000000Z,0.02448200061917305,0.028829999268054962,0.023794999346137047,0.02734299935400486,175041447
2020-06-11T00:00:00.000000Z,0.02732899971306324,0.029875999316573143,0.024105999618768692,0.025452999398112297,216391538
2020-06-12T00:00:00.000000Z,0.025327000766992569,0.026723999530076981,0.024686999619007111,0.026014000177383423,107249148
2020-06-13T00:00:00.000000Z,0.026003999635577202,0.026056999340653419,0.021956000477075577,0.022673999890685081,119753132
2020-06-14T00:00:00.000000Z,0.022718999534845352,0.024362999945878983,0.021709999069571495,0.023062000051140785,107438019
2020-06-15T00:00:00.000000Z,0.023062000051140785,0.025668000802397728,0.020876999944448471,0.02515999972820282,165765500
2020-06-16T00:00:00.000000Z,0.025149000808596611,0.02643200010061264,0.02448200061917305,0.025088999420404434,93447697
2020-06-17T00:00:00.000000Z,0.025095999240875244,0.025097999721765518,0.023090999573469162,0.023303000256419182,85004528
2020-06-18T00:00:00.000000Z,0.023303000256419182,0.023331999778747559,0.020479999482631683,0.020883999764919281,94241244
2020-06-19T00:00:00.000000Z,0.020890999585390091,0.021841999143362045,0.018440999090671539,0.018678000196814537,101494606
2020-06-20T00:00:00.000000Z,0.018678000196814537,0.019288999959826469,0.017722999677062035,0.019135000184178352,92722020
2020-06-21T00:00:00.000000Z,0.019150000065565109,0.021169999614357948,0.019150000065565109,0.019905000925064087,103657157
2020-06-22T00:00:00.000000Z,0.019878000020980835,0.0205680001527071,0.019372999668121338,0.020010000094771385,61338000
2020-06-23T00:00:00.000000Z,0.020005999132990837,0.020098000764846802,0.018891999498009682,0.019463999196887016,55911595
2020-06-24T00:00:00.000000Z,0.019446000456809998,0.020397000014781952,0.018944999203085899,0.019574999809265137,60459968
2020-06-25T00:00:00.000000Z,0.019582999870181084,0.019767999649047852,0.018853999674320221,0.01888900063931942,42095104
2020-06-26T00:00:00.000000Z,0.018876999616622925,0.01901400089263916,0.017844999209046364,0.017852999269962311,38519200
2020-06-27T00:00:00.000000Z,0.017857000231742859,0.017936000600457191,0.01537800021469593,0.015907000750303268,54479929
2020-06-28T00:00:00.000000Z,0.015907000750303268,0.01860399916768074,0.015873000025749207,0.017968000844120979,78453257
2020-06-29T00:00:00.000000Z,0.017968000844120979,0.018314000219106674,0.017031000927090645,0.018056999891996384,48640931
2020-06-30T00:00:00.000000Z,0.018046999350190163,0.018107999116182327,0.017371000722050667,0.017400000244379044,31965761
2020-07-01T00:00:00.000000Z,0.017395999282598495,0.017796000465750694,0.017057999968528748,0.017433999106287956,31850945
2020-07-02T00:00:00.000000Z,0.017425000667572021,0.017957000061869621,0.016784999519586563,0.017526000738143921,33725441
2020-07-03T00:00:00.000000Z,0.017514999955892563,0.017514999955892563,0.016698999330401421,0.017038999125361443,31280105
2020-07-04T00:00:00.000000Z,0.017038000747561455,0.019462000578641891,0.016905000433325768,0.019093999639153481,73742969
2020-07-05T00:00:00.000000Z,0.019093999639153481,0.019386999309062958,0.017945999279618263,0.018562000244855881,70801698
2020-07-06T00:00:00.000000Z,0.018562000244855881,0.019247999414801598,0.018467999994754791,0.019000999629497528,47930632
2020-07-07T00:00:00.000000Z,0.019000999629497528,0.020717000588774681,0.018634999170899391,0.020259000360965729,65726214
2020-07-08T00:00:00.000000Z,0.02029000036418438,0.02121799997985363,0.020271999761462212,0.020812999457120895,70300471
2020-07-09T00:00:00.000000Z,0.020812999457120895,0.020871000364422798,0.019387999549508095,0.019872000440955162,51143363
2020-07-10T00:00:00.000000Z,0.019855000078678131,0.019864000380039215,0.018774999305605888,0.019681999459862709,39431452
2020-07-11T00:00:00.000000Z,0.019667999818921089,0.020293999463319778,0.019543999806046486,0.01996999979019165,37251999
2020-07-12T00:00:00.000000Z,0.019979000091552734,0.020038999617099762,0.019361000508069992,0.019393999129533768,31536828
2020-07-13T00:00:00.000000Z,0.019393999129533768,0.02080100029706955,0.019067000597715378,0.020000999793410301,73902130
2020-07-14T00:00:00.000000Z,0.019977999851107597,0.019997000694274902,0.019368000328540802,0.019793000072240829,34415971
2020-07-15T00:00:00.000000Z,0.019789999350905418,0.020024999976158142,0.019073000177741051,0.019143000245094299,30127990
2020-07-16T00:00:00.000000Z,0.019145000725984573,0.019145000725984573,0.017416000366210938,0.018002999946475029,50852819
2020-07-17T00:00:00.000000Z,0.017974000424146652,0.01851700060069561,0.017711000517010689,0.018177000805735588,29565541
2020-07-18T00:00:00.000000Z,0.018169999122619629,0.018201999366283417,0.017789000645279884,0.017966000363230705,21494054
2020-07-19T00:00:00.000000Z,0.017960000783205032,0.018303999677300453,0.017572000622749329,0.017880000174045563,25914802
2020-07-20T00:00:00.000000Z,0.01788800023496151,0.017984999343752861,0.017095999792218208,0.017357999458909035,28245151
2020-07-21T00:00:00.000000Z,0.017334999516606331,0.018202999606728554,0.017320999875664711,0.017969999462366104,33188254
2020-07-22T00:00:00.000000Z,0.017970999702811241,0.018776999786496162,0.017775999382138252,0.018776999786496162,34858714
2020-07-23T00:00:00.000000Z,0.018780000507831573,0.019651999697089195,0.018618000671267509,0.019518999382853508,50078939
2020-07-24T00:00:00.000000Z,0.019550999626517296,0.01956699974834919,0.018295999616384506,0.018440999090671539,35544067
2020-07-25T00:00:00.000000Z,0.018454000353813171,0.018713999539613724,0.01833299919962883,0.018547000363469124,35163239
2020-07-26T00:00:00.000000Z,0.018562000244855881,0.018564000725746155,0.017834000289440155,0.017983000725507736,38125100
2020-07-27T00:00:00.000000Z,0.017983000725507736,0.018030000850558281,0.016481999307870865,0.016962999477982521,63473617
2020-07-28T00:00:00.000000Z,0.016992999240756035,0.017997000366449356,0.016865000128746033,0.017958000302314758,43768390
2020-07-29T00:00:00.000000Z,0.017988000065088272,0.018361000344157219,0.017704000696539879,0.017764000222086906,38257348
2020-07-30T00:00:00.000000Z,0.01776600070297718,0.019794000312685966,0.017658000811934471,0.018346000462770462,63637587
2020-07-31T00:00:00.000000Z,0.018245000392198563,0.018960999324917793,0.0178810004144907,0.018042000010609627,39883192
2020-08-01T00:00:00.000000Z,0.018042000010609627,0.018657999113202095,0.017977999523282051,0.018575999885797501,46864832
2020-08-02T00:00:00.000000Z,0.018594000488519669,0.018791999667882919,0.015838999301195145,0.017792999744415283,53093615
2020-08-03T00:00:00.000000Z,0.017798999324440956,0.018167000263929367,0.017480000853538513,0.017560999840497971,34392439
2020-08-04T00:00:00.000000Z,0.017560999840497971,0.018440999090671539,0.017560999840497971,0.018411999568343163,33836740
2020-08-05T00:00:00.000000Z,0.018394999206066132,0.019763000309467316,0.018163999542593956,0.019697999581694603,51115577
2020-08-06T00:00:00.000000Z,0.019718000665307045,0.020950000733137131,0.019530000165104866,0.020109999924898148,68293240
2020-08-07T00:00:00.000000Z,0.020109999924898148,0.022683000192046165,0.020062999799847603,0.02188899926841259,106414181
2020-08-08T00:00:00.000000Z,0.021896999329328537,0.026712000370025635,0.021413000300526619,0.026257999241352081,157682986
2020-08-09T00:00:00.000000Z,0.026210000738501549,0.026210000738501549,0.023515999317169189,0.025112999603152275,95147873
2020-08-10T00:00:00.000000Z,0.025100000202655792,0.025820000097155571,0.023319000378251076,0.024988999590277672,101400769
2020-08-11T00:00:00.000000Z,0.024988999590277672,0.028116999194025993,0.02412400022149086,0.025994999334216118,173196955
2020-08-12T00:00:00.000000Z,0.02608099952340126,0.026878999546170235,0.023594999685883522,0.025848999619483948,93556801
2020-08-13T00:00:00.000000Z,0.025828000158071518,0.027598999440670013,0.024785999208688736,0.025550000369548798,89258165
2020-08-14T00:00:00.000000Z,0.025541000068187714,0.026556000113487244,0.024924999102950096,0.025018999353051186,67055831
2020-08-15T00:00:00.000000Z,0.025038000196218491,0.025405999273061752,0.024018000811338425,0.024770999327301979,57237466
2020-08-16T00:00:00.000000Z,0.024751000106334686,0.027249999344348907,0.024629000574350357,0.026314999908208847,81519396
2020-08-17T00:00:00.000000Z,0.026314999908208847,0.0268389992415905,0.024963999167084694,0.025162000209093094,71311789
2020-08-18T00:00:00.000000Z,0.025121999904513359,0.025719000026583672,0.022885000333189964,0.023264000192284584,61387051
2020-08-19T00:00:00.000000Z,0.023264000192284584,0.023900000378489494,0.021228000521659851,0.021905999630689621,64966306
2020-08-20T00:00:00.000000Z,0.021894000470638275,0.023105999454855919,0.021800000220537186,0.022747000679373741,39311136
2020-08-21T00:00:00.000000Z,0.022747000679373741,0.024622999131679535,0.021160999312996864,0.021243000403046608,63746644
2020-08-22T00:00:00.000000Z,0.021229000762104988,0.021980000659823418,0.020213000476360321,0.021980000659823418,51743890
2020-08-23T00:00:00.000000Z,0.021932000294327736,0.022164000198245049,0.020935999229550362,0.021431000903248787,29555742
2020-08-24T00:00:00.000000Z,0.021424999460577965,0.024221999570727348,0.021192999556660652,0.023737000301480293,53909334
2020-08-25T00:00:00.000000Z,0.023763999342918396,0.024112999439239502,0.020695000886917114,0.021418999880552292,63905589
2020-08-26T00:00:00.000000Z,0.02143000066280365,0.022490000352263451,0.021003000438213348,0.022431999444961548,58995669
2020-08-27T00:00:00.000000Z,0.022414000704884529,0.022453000769019127,0.019561000168323517,0.020305000245571136,61433743
2020-08-28T00:00:00.000000Z,0.020310999825596809,0.021161999553442001,0.020089000463485718,0.020995000377297401,43972246
2020-08-29T00:00:00.000000Z,0.021004000678658485,0.021345000714063644,0.020563000813126564,0.021000999957323074,34346326
2020-08-30T00:00:00.000000Z,0.021009000018239021,0.023257000371813774,0.020867999643087387,0.023242000490427017,60754787
2020-08-31T00:00:00.000000Z,0.023245999589562416,0.024265000596642494,0.022507999092340469,0.02251799963414669,95933364
2020-09-01T00:00:00.000000Z,0.022515999153256416,0.023167999461293221,0.021833000704646111,0.021951999515295029,89151726
2020-09-02T00:00:00.000000Z,0.021931000053882599,0.022523999214172363,0.019184999167919159,0.020333999767899513,87848644
2020-09-03T00:00:00.000000Z,0.020331999287009239,0.02050199918448925,0.015690000727772713,0.015990000218153,81006229
2020-09-04T00:00:00.000000Z,0.015960000455379486,0.017264999449253082,0.015325999818742275,0.016675999388098717,62606780
2020-09-05T00:00:00.000000Z,0.016728999093174934,0.017178000882267952,0.013664999976754189,0.014940000139176846,52855283
2020-09-06T00:00:00.000000Z,0.014940000139176846,0.015697000548243523,0.014020999893546104,0.015336000360548496,38686003
2020-09-07T00:00:00.000000Z,0.015333999879658222,0.015735000371932983,0.014093999750912189,0.015293000265955925,34024761
2020-09-08T00:00:00.000000Z,0.015297000296413898,0.016651000827550888,0.014841999858617783,0.015626000240445137,34171637
2020-09-09T00:00:00.000000Z,0.015545999631285667,0.016939999535679817,0.015308000147342682,0.016511000692844391,30343364
2020-09-10T00:00:00.000000Z,0.016511000692844391,0.017912000417709351,0.016511000692844391,0.017281999811530113,26472627
2020-09-11T00:00:00.000000Z,0.017285000532865524,0.017504999414086342,0.016555000096559525,0.017254000529646873,18863368
2020-09-12T00:00:00.000000Z,0.017256999388337135,0.017845999449491501,0.017084000632166862,0.017823999747633934,18260299
2020-09-13T00:00:00.000000Z,0.017823999747633934,0.017823999747633934,0.016134999692440033,0.016659000888466835,19706792
2020-09-14T00:00:00.000000Z,0.016658000648021698,0.017035000026226044,0.016193000599741936,0.016798000782728195,19545632
2020-09-15T00:00:00.000000Z,0.016790999099612236,0.016928000375628471,0.015649000182747841,0.015684999525547028,23092834
2020-09-16T00:00:00.000000Z,0.015682000666856766,0.016946999356150627,0.015194999985396862,0.016930999234318733,28155276
2020-09-17T00:00:00.000000Z,0.016929000616073608,0.017483999952673912,0.016220999881625175,0.016648000106215477,21750591
2020-09-18T00:00:00.000000Z,0.016648000106215477,0.017347000539302826,0.016483999788761139,0.01703999936580658,22314787
2020-09-19T00:00:00.000000Z,0.017024999484419823,0.01717899926006794,0.016524000093340874,0.016870999708771706,15885476
2020-09-20T00:00:00.000000Z,0.016874000430107117,0.016938000917434692,0.015469999983906746,0.015742000192403793,16736436
2020-09-21T00:00:00.000000Z,0.015742000192403793,0.016065999865531921,0.013148999772965908,0.013849999755620956,40982471
2020-09-22T00:00:00.000000Z,0.013802999630570412,0.014367000199854374,0.013492999598383904,0.014182999730110168,30595684
2020-09-23T00:00:00.000000Z,0.014167999848723412,0.014321999624371529,0.013137999922037125,0.013907999731600285,25239099
2020-09-24T00:00:00.000000Z,0.013899000361561775,0.014677999541163445,0.013640999794006348,0.01461500022560358,22939620
2020-09-25T00:00:00.000000Z,0.014612000435590744,0.016319999471306801,0.014426000416278839,0.015922000631690025,32826300
2020-09-26T00:00:00.000000Z,0.015926999971270561,0.01655299961566925,0.015861999243497849,0.01636200025677681,19903785
2020-09-27T00:00:00.000000Z,0.016357000917196274,0.016563000157475471,0.015185000374913216,0.015503999777138233,22864615
2020-09-28T00:00:00.000000Z,0.01551199983805418,0.016116999089717865,0.015135999768972397,0.015142999589443207,20045057
2020-09-29T00:00:00.000000Z,0.01512799970805645,0.017889000475406647,0.015096999704837799,0.017464000731706619,52209589
2020-09-30T00:00:00.000000Z,0.017488999292254448,0.019822999835014343,0.01692499965429306,0.019533999264240265,92997747
2020-10-01T00:00:00.000000Z,0.019550999626517296,0.020671999081969261,0.018404999747872353,0.019409000873565674,88114259
2020-10-02T00:00:00.000000Z,0.019415000453591347,0.01953200064599514,0.016575999557971954,0.018089000135660172,70098006
2020-10-03T00:00:00.000000Z,0.018068000674247742,0.019530000165104866,0.017459999769926071,0.018595000728964806,42957363
2020-10-04T00:00:00.000000Z,0.018595000728964806,0.021381000056862831,0.018363000825047493,0.021276999264955521,61673090
2020-10-05T00:00:00.000000Z,0.021279999986290932,0.021632999181747437,0.020179999992251396,0.020795999094843864,75984094
2020-10-06T00:00:00.000000Z,0.020728999748826027,0.020728999748826027,0.017857000231742859,0.018203999847173691,56218313
2020-10-07T00:00:00.000000Z,0.018208000808954239,0.019237000495195389,0.017518000677227974,0.018856000155210495,34105131
2020-10-08T00:00:00.000000Z,0.018866000697016716,0.019519999623298645,0.017673000693321228,0.019146999344229698,30752593
2020-10-09T00:00:00.000000Z,0.01918799988925457,0.020377999171614647,0.018569000065326691,0.02016800083220005,30349881
2020-10-10T00:00:00.000000Z,0.020144000649452209,0.020679999142885208,0.019332999363541603,0.019778000190854073,34655814
2020-10-11T00:00:00.000000Z,0.019796000793576241,0.020779000595211983,0.019417999312281609,0.020631000399589539,26127285
2020-10-12T00:00:00.000000Z,0.02062699943780899,0.021051999181509018,0.02009899914264679,0.020302999764680862,33382378
2020-10-13T00:00:00.000000Z,0.020276999101042747,0.020605999976396561,0.019694000482559204,0.01998399943113327,23248882
2020-10-14T00:00:00.000000Z,0.019991999492049217,0.020004000514745712,0.018307000398635864,0.019026000052690506,26588649
2020-10-15T00:00:00.000000Z,0.019022999331355095,0.019233999773859978,0.018441999331116676,0.018616000190377235,20152624
2020-10-16T00:00:00.000000Z,0.018628999590873718,0.018803000450134277,0.0173179991543293,0.018005000427365303,20700495
2020-10-17T00:00:00.000000Z,0.018030999228358269,0.018337000161409378,0.017796000465750694,0.018062999472022057,14228011
2020-10-18T00:00:00.000000Z,0.018070999532938004,0.018474999815225601,0.018042000010609627,0.018440000712871552,20027931
2020-10-19T00:00:00.000000Z,0.018428999930620193,0.019942000508308411,0.017789000645279884,0.019771000370383263,42299209
2020-10-20T00:00:00.000000Z,0.019774999469518661,0.020572999492287636,0.018011000007390976,0.018273999914526939,37337007
2020-10-21T00:00:00.000000Z,0.018287999555468559,0.019047999754548073,0.018178999423980713,0.018579000607132912,23304041
2020-10-22T00:00:00.000000Z,0.018574999645352364,0.019896000623703003,0.018496999517083168,0.019416999071836472,24134670
2020-10-23T00:00:00.000000Z,0.019440999254584312,0.019890999421477318,0.019130000844597816,0.019660999998450279,20231312
2020-10-24T00:00:00.000000Z,0.019660999998450279,0.020038999617099762,0.019308000802993774,0.019418999552726746,19242649
2020-10-25T00:00:00.000000Z,0.019418999552726746,0.019665999338030815,0.018898999318480492,0.018974000588059425,20358158
2020-10-26T00:00:00.000000Z,0.018974000588059425,0.019182000309228897,0.018076000735163689,0.018379999324679375,17579511
2020-10-27T00:00:00.000000Z,0.018379999324679375,0.018972000107169151,0.018249999731779099,0.018512999638915062,27578478
2020-10-28T00:00:00.000000Z,0.018512999638915062,0.018555000424385071,0.017424000427126884,0.01768999919295311,23775886
2020-10-29T00:00:00.000000Z,0.01768999919295311,0.017985999584197998,0.017342999577522278,0.017503999173641205,18760948
2020-10-30T00:00:00.000000Z,0.017503999173641205,0.017940999940037727,0.016683999449014664,0.017475999891757965,15725221
2020-10-31T00:00:00.000000Z,0.017475999891757965,0.017905000597238541,0.017316000536084175,0.017650999128818512,14600346
2020-11-01T00:00:00.000000Z,0.017650999128818512,0.017999999225139618,0.017443999648094177,0.017870999872684479,14034244
2020-11-02T00:00:00.000000Z,0.017870999872684479,0.018069999292492867,0.01715799979865551,0.017159000039100647,18032176
2020-11-03T00:00:00.000000Z,0.017159000039100647,0.01731099933385849,0.016574999317526817,0.017305999994277954,13226079
2020-11-04T00:00:00.000000Z,0.017305999994277954,0.017452999949455261,0.01663300022482872,0.01728999987244606,13304456
2020-11-05T00:00:00.000000Z,0.01728999987244606,0.018612999469041824,0.01728999987244606,0.018549999222159386,17176691
2020-11-06T00:00:00.000000Z,0.018549999222159386,0.020239999517798424,0.018403999507427216,0.020239999517798424,27869942
2020-11-07T00:00:00.000000Z,0.020239999517798424,0.020580999553203583,0.017598999664187431,0.018312999978661537,29549362
2020-11-08T00:00:00.000000Z,0.018312999978661537,0.019587000831961632,0.0181450005620718,0.019222000613808632,14435409
2020-11-09T00:00:00.000000Z,0.019223000854253769,0.019347000867128372,0.018084000796079636,0.019276000559329987,13566987
2020-11-10T00:00:00.000000Z,0.019277000799775124,0.020395999774336815,0.019046999514102936,0.020160999149084091,22990888
2020-11-11T00:00:00.000000Z,0.020160999149084091,0.020779000595211983,0.020028999075293541,0.020219000056385994,16898876
2020-11-12T00:00:00.000000Z,0.020219000056385994,0.020377000793814659,0.019027000293135643,0.019130000844597816,16878604
2020-11-13T00:00:00.000000Z,0.019130000844597816,0.020304000005125999,0.019130000844597816,0.020210999995470047,17797547
2020-11-14T00:00:00.000000Z,0.020210999995470047,0.020235000178217888,0.019480999559164047,0.020095000043511391,19444435
2020-11-15T00:00:00.000000Z,0.020095000043511391,0.021319000050425529,0.019278999418020248,0.019905999302864075,24972088
2020-11-16T00:00:00.000000Z,0.019905999302864075,0.022058000788092613,0.019673999398946762,0.021144000813364983,27408265
2020-11-17T00:00:00.000000Z,0.021856000646948814,0.022972999140620232,0.021200999617576599,0.022752000018954277,36250604
2020-11-18T00:00:00.000000Z,0.022752000018954277,0.022947000339627266,0.020716000348329544,0.021710999310016632,31751329
2020-11-19T00:00:00.000000Z,0.021710999310016632,0.021869000047445297,0.02079400047659874,0.021061999723315239,20565763
2020-11-20T00:00:00.000000Z,0.021061999723315239,0.022458000108599663,0.020981999114155769,0.022394999861717224,20869534
2020-11-21T00:00:00.000000Z,0.022394999861717224,0.023717999458312988,0.022234000265598297,0.023514000698924065,38862411
2020-11-22T00:00:00.000000Z,0.023514000698924065,0.023980999365448952,0.021346999332308769,0.022431999444961548,33424905
2020-11-23T00:00:00.000000Z,0.022431999444961548,0.024335000663995743,0.022210000082850456,0.024335000663995743,33348255
2020-11-24T00:00:00.000000Z,0.024320999160408974,0.02573700062930584,0.023158999159932137,0.025290999561548233,60183324
2020-11-25T00:00:00.000000Z,0.025279000401496887,0.036038000136613846,0.024961000308394432,0.02893500030040741,230555079
2020-11-26T00:00:00.000000Z,0.028852000832557678,0.032127998769283295,0.022772999480366707,0.025797000154852867,137775984
2020-11-27T00:00:00.000000Z,0.025848999619483948,0.026773000136017799,0.023114999756217003,0.024579999968409538,41182151
2020-11-28T00:00:00.000000Z,0.024616999551653862,0.02833000011742115,0.024122999981045723,0.026670999825000763,55222777
2020-11-29T00:00:00.000000Z,0.026670999825000763,0.030554000288248062,0.026379000395536423,0.029184000566601753,62123138
2020-11-30T00:00:00.000000Z,0.029205000028014183,0.030809000134468079,0.027835000306367874,0.029196999967098236,61174630
2020-12-01T00:00:00.000000Z,0.029234999790787697,0.031168999150395393,0.026883000507950783,0.027976000681519508,50629902
2020-12-02T00:00:00.000000Z,0.027975000441074371,0.03298100084066391,0.027699999511241913,0.031101999804377556,60749519
2020-12-03T00:00:00.000000Z,0.03113899938762188,0.033808000385761261,0.030675999820232391,0.03351999819278717,52706166
2020-12-04T00:00:00.000000Z,0.033516999334096909,0.0346670001745224,0.029098000377416611,0.029619000852108002,51719403
2020-12-05T00:00:00.000000Z,0.029602000489830971,0.034460999071598053,0.029149999842047691,0.033978000283241272,50535228
2020-12-06T00:00:00.000000Z,0.033978000283241272,0.035695001482963562,0.033544000238180161,0.035386998206377029,56652516
2020-12-07T00:00:00.000000Z,0.035367999225854874,0.036302998661994934,0.033601000905036926,0.035477999597787857,52210845
2020-12-08T00:00:00.000000Z,0.035482000559568405,0.035482000559568405,0.030954999849200249,0.031302999705076218,59669292
2020-12-09T00:00:00.000000Z,0.031280998140573502,0.032402001321315765,0.028680000454187393,0.031098999083042145,51450305
2020-12-10T00:00:00.000000Z,0.031080000102519989,0.033470999449491501,0.029596999287605286,0.032680999487638474,45367181
2020-12-11T00:00:00.000000Z,0.032667998224496841,0.032786000519990921,0.029614999890327454,0.029627000913023949,47196278
2020-12-12T00:00:00.000000Z,0.029544999822974205,0.033064998686313629,0.029544999822974205,0.032680999487638474,35694370
2020-12-13T00:00:00.000000Z,0.032657001167535782,0.03387799859046936,0.032326001673936844,0.03261600062251091,32999341
2020-12-14T00:00:00.000000Z,0.032705001533031464,0.033084999769926071,0.031587999314069748,0.032908998429775238,28566838
2020-12-15T00:00:00.000000Z,0.032908998429775238,0.035659000277519226,0.032414000481367111,0.035029001533985138,49456236
2020-12-16T00:00:00.000000Z,0.03501499816775322,0.039549998939037323,0.03426700085401535,0.0390469990670681,124111014
2020-12-17T00:00:00.000000Z,0.039044998586177826,0.040022000670433044,0.036713998764753342,0.037765000015497208,98677743
2020-12-18T00:00:00.000000Z,0.037797000259160995,0.044732999056577682,0.036788001656532288,0.043774999678134918,132827761
2020-12-19T00:00:00.000000Z,0.043779999017715454,0.054111998528242111,0.043747998774051666,0.049911998212337494,306702848
2020-12-20T00:00:00.000000Z,0.04999300092458725,0.053100999444723129,0.044592998921871185,0.046236999332904816,177910986
2020-12-21T00:00:00.000000Z,0.046234000474214554,0.053904000669717789,0.045600000768899918,0.049729999154806137,242828519
2020-12-22T00:00:00.000000Z,0.04954800009727478,0.05295100063085556,0.045014001429080963,0.051523000001907349,218710845
2020-12-23T00:00:00.000000Z,0.051414001733064651,0.065071001648902893,0.051020000129938126,0.057422000914812088,554642561
2020-12-24T00:00:00.000000Z,0.057525001466274261,0.062043998390436172,0.050631999969482422,0.059388000518083572,361803389
2020-12-25T00:00:00.000000Z,0.059388000518083572,0.066013000905513763,0.058109000325202942,0.063259996473789215,289504338
2020-12-26T00:00:00.000000Z,0.063285000622272491,0.092343002557754517,0.063079997897148132,0.085982002317905426,818740118
2020-12-27T00:00:00.000000Z,0.086130999028682709,0.098479002714157104,0.073812000453472137,0.076444998383522034,992390859
2020-12-28T00:00:00.000000Z,0.07652900367975235,0.092922002077102661,0.07605300098657608,0.089483000338077545,522058078
2020-12-29T00:00:00.000000Z,0.089570999145507812,0.090975001454353333,0.077630996704101562,0.084209002554416656,391778230
2020-12-30T00:00:00.000000Z,0.084339998662471771,0.084339998662471771,0.070784002542495728,0.077445000410079956,428028376
2020-12-31T00:00:00.000000Z,0.077317997813224792,0.085571996867656708,0.072198003530502319,0.082653999328613281,379346285
2021-01-01T00:00:00.000000Z,0.082691997289657593,0.088733002543449402,0.078216999769210815,0.079075001180171967,337219783
2021-01-02T00:00:00.000000Z,0.079131998121738434,0.081404998898506165,0.072224996984004974,0.072704002261161804,201193294
2021-01-03T00:00:00.000000Z,0.072765998542308807,0.077001996338367462,0.065867997705936432,0.067953996360301971,296839779
2021-01-04T00:00:00.000000Z,0.067998997867107391,0.077921003103256226,0.067760996520519257,0.070371001958847046,229252261
2021-01-05T00:00:00.000000Z,0.070390999317169189,0.074859999120235443,0.066123999655246735,0.070487998425960541,182885012
2021-01-06T00:00:00.000000Z,0.070517003536224365,0.085132002830505371,0.070128999650478363,0.078186996281147003,295451068
2021-01-07T00:00:00.000000Z,0.078112997114658356,0.084959998726844788,0.072489000856876373,0.076080001890659332,255386046
2021-01-08T00:00:00.000000Z,0.076044000685214996,0.077409997582435608,0.069186002016067505,0.073836997151374817,149837546
2021-01-09T00:00:00.000000Z,0.073816999793052673,0.080209001898765564,0.07182600349187851,0.07639700174331665,122558322
2021-01-10T00:00:00.000000Z,0.076371997594833374,0.083256997168064117,0.068870000541210175,0.073723003268241882,158259935
2021-01-11T00:00:00.000000Z,0.073619000613689423,0.073624998331069946,0.051832001656293869,0.065312996506690979,224962011
2021-01-12T00:00:00.000000Z,0.065223000943660736,0.070998996496200562,0.058644998818635941,0.062026001513004303,141518555
2021-01-13T00:00:00.000000Z,0.062079001218080521,0.071924999356269836,0.059298999607563019,0.070473998785018921,123489400
2021-01-14T00:00:00.000000Z,0.070423997938632965,0.071933001279830933,0.066353000700473785,0.069069996476173401,139612743
2021-01-15T00:00:00.000000Z,0.069045998156070709,0.069803997874259949,0.060674998909235001,0.066362001001834869,123057468
2021-01-16T00:00:00.000000Z,0.066330999135971069,0.075320996344089508,0.066192999482154846,0.073668003082275391,158105109
2021-01-17T00:00:00.000000Z,0.073521003127098083,0.078481003642082214,0.070145003497600555,0.073291003704071045,160591494
2021-01-18T00:00:00.000000Z,0.073330998420715332,0.081132002174854279,0.070804998278617859,0.078487999737262726,170788638
2021-01-19T00:00:00.000000Z,0.078631997108459473,0.07905299961566925,0.072511002421379089,0.073885001242160797,129884218
2021-01-20T00:00:00.000000Z,0.073729000985622406,0.075388997793197632,0.068549998104572296,0.074129000306129456,117094922
2021-01-21T00:00:00.000000Z,0.07415500283241272,0.074610002338886261,0.061055000871419907,0.062368001788854599,98295554
2021-01-22T00:00:00.000000Z,0.062295999377965927,0.069435998797416687,0.05743199959397316,0.067634999752044678,101735052
2021-01-23T00:00:00.000000Z,0.067553997039794922,0.070271000266075134,0.065681003034114838,0.067872002720832825,75745777
2021-01-24T00:00:00.000000Z,0.067829996347427368,0.072498999536037445,0.06733500212430954,0.069104000926017761,77573462
2021-01-25T00:00:00.000000Z,0.069099001586437225,0.071886003017425537,0.066242001950740814,0.06688699871301651,78083334
2021-01-26T00:00:00.000000Z,0.066843003034591675,0.068453997373580933,0.064058996737003326,0.067846000194549561,72803130
2021-01-27T00:00:00.000000Z,0.067864000797271729,0.068176001310348511,0.060369998216629028,0.062405001372098923,79174684
2021-01-28T00:00:00.000000Z,0.062376998364925385,0.067357003688812256,0.061749998480081558,0.065733000636100769,74941587
2021-01-29T00:00:00.000000Z,0.065672002732753754,0.07071000337600708,0.06351800262928009,0.06720300018787384,144314719
2021-01-30T00:00:00.000000Z,0.067133001983165741,0.077880002558231354,0.064868003129959106,0.072883002460002899,205692282
2021-01-31T00:00:00.000000Z,0.072866998612880707,0.080291002988815308,0.066821001470088959,0.06897299736738205,190061741
2021-02-01T00:00:00.000000Z,0.068976998329162598,0.076747998595237732,0.067089997231960297,0.07452700287103653,146623422
2021-02-02T00:00:00.000000Z,0.074677996337413788,0.080937996506690979,0.072341002523899078,0.077546998858451843,164373948
2021-02-03T00:00:00.000000Z,0.077431999146938324,0.082332000136375427,0.075534999370574951,0.079457998275756836,136562046
2021-02-04T00:00:00.000000Z,0.079388000071048737,0.080206997692584991,0.072434999048709869,0.076024003326892853,128696440
2021-02-05T00:00:00.000000Z,0.076030001044273376,0.084293998777866364,0.075588002800941467,0.082318000495433807,164513190
2021-02-06T00:00:00.000000Z,0.082314997911453247,0.082373999059200287,0.076338998973369598,0.07835099846124649,113983631
2021-02-07T00:00:00.000000Z,0.07839599996805191,0.080563001334667206,0.073251001536846161,0.075928002595901489,103478051
2021-02-08T00:00:00.000000Z,0.075911998748779297,0.081692002713680267,0.075038999319076538,0.079557999968528748,133738705
2021-02-09T00:00:00.000000Z,0.079485997557640076,0.10769400000572205,0.079485997557640076,0.10299299657344818,398661430
2021-02-10T00:00:00.000000Z,0.10334499925374985,0.11299200356006622,0.092782996594905853,0.10413099825382233,377688153
2021-02-11T00:00:00.000000Z,0.10397899895906448,0.11910399794578552,0.10397899895906448,0.1155100017786026,307584408
2021-02-12T00:00:00.000000Z,0.11534199863672256,0.11937200278043747,0.10739699751138687,0.11790899932384491,223384165
2021-02-13T00:00:00.000000Z,0.11777900159358978,0.15931199491024017,0.1172109991312027,0.14777900278568268,704802101
2021-02-14T00:00:00.000000Z,0.14750699698925018,0.15798699855804443,0.12687300145626068,0.13357000052928925,436931182
2021-02-15T00:00:00.000000Z,0.13337700068950653,0.14608900249004364,0.11174800246953964,0.13200700283050537,379966105
2021-02-16T00:00:00.000000Z,0.13152399659156799,0.13980300724506378,0.12354700267314911,0.13194499909877777,232455095
2021-02-17T00:00:00.000000Z,0.13196399807929993,0.13925500214099884,0.12155800312757492,0.13686299324035645,207834372
2021-02-18T00:00:00.000000Z,0.13709299266338348,0.14472199976444244,0.13347600400447845,0.13905799388885498,193850372
2021-02-19T00:00:00.000000Z,0.13944700360298157,0.14860600233078003,0.12867200374603271,0.14788000285625458,213758909
2021-02-20T00:00:00.000000Z,0.14824500679969788,0.15629500150680542,0.12819899618625641,0.13576999306678772,319314529
2021-02-21T00:00:00.000000Z,0.1357869952917099,0.14306700229644775,0.13211099803447723,0.13790600001811981,183241302
2021-02-22T00:00:00.000000Z,0.13784599304199219,0.13894699513912201,0.10256499797105789,0.12358400225639343,283069054
2021-02-23T00:00:00.000000Z,0.12348400056362152,0.12414699792861938,0.082437001168727875,0.10478100180625916,333688216
2021-02-24T00:00:00.000000Z,0.10514900088310242,0.12271799892187119,0.098944999277591705,0.11268000304698944,257384904
2021-02-25T00:00:00.000000Z,0.1124970018863678,0.12440700083971024,0.10889399796724319,0.10889399796724319,185490192
2021-02-26T00:00:00.000000Z,0.10945100337266922,0.11612000316381454,0.10268300026655197,0.10976900160312653,164557729
2021-02-27T00:00:00.000000Z,0.10984300076961517,0.12089300155639648,0.10979499667882919,0.11614300310611725,134473676
2021-02-28T00:00:00.000000Z,0.11615400016307831,0.11668899655342102,0.099082998931407928,0.10757999867200851,135926611
2021-03-01T00:00:00.000000Z,0.10768900066614151,0.11830999702215195,0.10709699988365173,0.11568500101566315,128054238
2021-03-02T00:00:00.000000Z,0.1157429963350296,0.11974900215864182,0.11013399809598923,0.11442799866199493,131936368
2021-03-03T00:00:00.000000Z,0.11441300064325333,0.13062199950218201,0.11317200213670731,0.12696699798107147,181816617
2021-03-04T00:00:00.000000Z,0.12676599621772766,0.12842799723148346,0.11628100275993347,0.11899200081825256,183683224
2021-03-05T00:00:00.000000Z,0.11899799853563309,0.11899799853563309,0.1105789989233017,0.11651100218296051,116560987
2021-03-06T00:00:00.000000Z,0.11636299639940262,0.11844400316476822,0.11171499639749527,0.11590900272130966,79398208
2021-03-07T00:00:00.000000Z,0.11592700332403183,0.11906599998474121,0.11502200365066528,0.1180569976568222,84457887
2021-03-08T00:00:00.000000Z,0.11803600192070007,0.12706999480724335,0.11513999849557877,0.12514400482177734,134657295
2021-03-09T00:00:00.000000Z,0.12522499263286591,0.13534699380397797,0.12265200167894363,0.13483400642871857,188894867
2021-03-10T00:00:00.000000Z,0.13481399416923523,0.13484799861907959,0.12309399992227554,0.12775899469852448,160477672
2021-03-11T00:00:00.000000Z,0.12755900621414185,0.17974400520324707,0.12755900621414185,0.17659799754619598,969628052
2021-03-12T00:00:00.000000Z,0.176596999168396,0.19786800444126129,0.1563899964094162,0.16376100480556488,766972453
2021-03-13T00:00:00.000000Z,0.16378700733184814,0.18304499983787537,0.15410999953746796,0.1813499927520752,428436293
2021-03-14T00:00:00.000000Z,0.18177400529384613,0.18653999269008636,0.16254499554634094,0.1648859977722168,309128041
2021-03-15T00:00:00.000000Z,0.16465400159358978,0.17291699349880219,0.1481039971113205,0.16125099360942841,314328422
2021-03-16T00:00:00.000000Z,0.16095000505447388,0.16550600528717041,0.15008699893951416,0.15477800369262695,230446086
2021-03-17T00:00:00.000000Z,0.15487100183963776,0.19982999563217163,0.15154899656772614,0.19958800077438354,983319041
2021-03-18T00:00:00.000000Z,0.19842700660228729,0.20252500474452972,0.17642700672149658,0.17998699843883514,534192219
2021-03-19T00:00:00.000000Z,0.18001300096511841,0.19424399733543396,0.1748960018157959,0.18461999297142029,281197450
2021-03-20T00:00:00.000000Z,0.1848520040512085,0.19099700450897217,0.17207199335098267,0.17213700711727142,226225514
2021-03-21T00:00:00.000000Z,0.17201399803161621,0.17676499485969543,0.16640199720859528,0.17516399919986725,177620897
2021-03-22T00:00:00.000000Z,0.17532899975776672,0.1833139955997467,0.1627269983291626,0.16320200264453888,205177080
2021-03-23T00:00:00.000000Z,0.16301499307155609,0.17008799314498901,0.15553000569343567,0.16820299625396729,223138496
2021-03-24T00:00:00.000000Z,0.16793100535869598,0.18354900181293488,0.15403300523757935,0.15889599919319153,266697773
2021-03-25T00:00:00.000000Z,0.15848499536514282,0.16300299763679504,0.14875499904155731,0.15524399280548096,218088564
2021-03-26T00:00:00.000000Z,0.1552329957485199,0.16883599758148193,0.1552329957485199,0.16827400028705597,149004693
2021-03-27T00:00:00.000000Z,0.16816599667072296,0.17288200557231903,0.16151399910449982,0.16734099388122559,132753361
2021-03-28T00:00:00.000000Z,0.16747100651264191,0.17677299678325653,0.16446399688720703,0.17279499769210815,171054939
2021-03-29T00:00:00.000000Z,0.1726830005645752,0.18102200329303741,0.17127999663352966,0.1790349930524826,166862452
2021-03-30T00:00:00.000000Z,0.1792449951171875,0.18984700739383698,0.17525500059127808,0.18486799299716949,193026957
2021-03-31T00:00:00.000000Z,0.184906005859375,0.18862900137901306,0.17096400260925293,0.17817799746990204,231564676
2021-04-01T00:00:00.000000Z,0.17807500064373016,0.18357500433921814,0.17427800595760345,0.18062099814414978,181618645
2021-04-02T00:00:00.000000Z,0.18043400347232819,0.22021299600601196,0.17878000438213348,0.20491600036621094,481280026
2021-04-03T00:00:00.000000Z,0.20550400018692017,0.21127399802207947,0.18371599912643433,0.18442299962043762,277718896
2021-04-04T00:00:00.000000Z,0.18451499938964844,0.2268729954957962,0.18304100632667542,0.22177700698375702,446302813
2021-04-05T00:00:00.000000Z,0.22462999820709229,0.23124800622463226,0.20874999463558197,0.21182000637054443,395033725
2021-04-06T00:00:00.000000Z,0.21198500692844391,0.2218949943780899,0.19515399634838104,0.20565499365329742,314846518
2021-04-07T00:00:00.000000Z,0.2056799978017807,0.20605899393558502,0.18225499987602234,0.19116500020027161,251340102
2021-04-08T00:00:00.000000Z,0.19144700467586517,0.20901800692081451,0.18997499346733093,0.20650799572467804,183475380
2021-04-09T00:00:00.000000Z,0.20645000040531158,0.21967199444770813,0.20042599737644196,0.21843999624252319,183036914
2021-04-10T00:00:00.000000Z,0.21909099817276001,0.21963700652122498,0.20228299498558044,0.20819899439811707,177111251
2021-04-11T00:00:00.000000Z,0.20844000577926636,0.20997300744056702,0.20130600035190582,0.20542000234127045,142489891
2021-04-12T00:00:00.000000Z,0.20492300391197205,0.20576399564743042,0.19350400567054749,0.19647799432277679,143624801
2021-04-13T00:00:00.000000Z,0.19650000333786011,0.20581500232219696,0.19083799421787262,0.202333003282547,189831637
2021-04-14T00:00:00.000000Z,0.20257100462913513,0.2034199982881546,0.19080400466918945,0.20057399570941925,192638479
2021-04-15T00:00:00.000000Z,0.20055900514125824,0.22004300355911255,0.19752100110054016,0.21641999483108521,252669784
2021-04-16T00:00:00.000000Z,0.21585999429225922,0.24341900646686554,0.19568200409412384,0.23761600255966187,401855681
2021-04-17T00:00:00.000000Z,0.2370389997959137,0.25468799471855164,0.21728399395942688,0.22258800268173218,439760344
2021-04-18T00:00:00.000000Z,0.22264200448989868,0.22642700374126434,0.1777539998292923,0.20174500346183777,369885802
2021-04-19T00:00:00.000000Z,0.20196500420570374,0.20892199873924255,0.17831200361251831,0.18172000348567963,230790177
2021-04-20T00:00:00.000000Z,0.18120500445365906,0.19571200013160706,0.16459600627422333,0.19227099418640137,306677410
2021-04-21T00:00:00.000000Z,0.19249099493026733,0.19480499625205994,0.17464399337768555,0.17617100477218628,182804744
2021-04-22T00:00:00.000000Z,0.17588900029659271,0.19142700731754303,0.15821599960327148,0.16243299841880798,228781009
2021-04-23T00:00:00.000000Z,0.16175800561904907,0.16590499877929688,0.12090200185775757,0.15856100618839264,389349128
2021-04-24T00:00:00.000000Z,0.15926599502563477,0.15945999324321747,0.1426749974489212,0.14324900507926941,132816811
2021-04-25T00:00:00.000000Z,0.14351899921894073,0.15612700581550598,0.13272200524806976,0.14071500301361084,147529436
2021-04-26T00:00:00.000000Z,0.14122399687767029,0.16740800440311432,0.13981500267982483,0.16489499807357788,169634390
2021-04-27T00:00:00.000000Z,0.16463999450206757,0.21555399894714355,0.16059400141239166,0.21157599985599518,571656484
2021-04-28T00:00:00.000000Z,0.21262499690055847,0.22235299646854401,0.18375599384307861,0.19845500588417053,412867975
2021-04-29T00:00:00.000000Z,0.1985740065574646,0.20208600163459778,0.1831510066986084,0.1916009932756424,199090714
2021-04-30T00:00:00.000000Z,0.19186499714851379,0.20998199284076691,0.18856899440288544,0.20527400076389313,192973107
2021-05-01T00:00:00.000000Z,0.20510700345039368,0.2169719934463501,0.20145300030708313,0.21040999889373779,208783021
2021-05-02T00:00:00.000000Z,0.21017399430274963,0.21079699695110321,0.19858400523662567,0.20434600114822388,150110301
2021-05-03T00:00:00.000000Z,0.20438100397586823,0.22402800619602203,0.20366600155830383,0.21184900403022766,253973046
2021-05-04T00:00:00.000000Z,0.21157500147819519,0.21180999279022217,0.19158199429512024,0.19386099278926849,263916427
2021-05-05T00:00:00.000000Z,0.19304299354553223,0.21709300577640533,0.19156500697135925,0.21170400083065033,238503917
2021-05-06T00:00:00.000000Z,0.21155500411987305,0.25629299879074097,0.20768199861049652,0.23459699749946594,777789228
2021-05-07T00:00:00.000000Z,0.23349399864673615,0.24487000703811646,0.21907399594783783,0.22631600499153137,361951034
2021-05-08T00:00:00.000000Z,0.22577999532222748,0.24053800106048584,0.22314099967479706,0.23494599759578705,257432547
2021-05-09T00:00:00.000000Z,0.23448799550533295,0.2418300062417984,0.21774099767208099,0.23458300530910492,283411940
2021-05-10T00:00:00.000000Z,0.23482799530029297,0.25005701184272766,0.19623400270938873,0.20751099288463593,383422436
2021-05-11T00:00:00.000000Z,0.20770600438117981,0.22304500639438629,0.20237599313259125,0.21955899894237518,214701455
2021-05-12T00:00:00.000000Z,0.21943099796772003,0.22272199392318726,0.1788100004196167,0.1788100004196167,216138533
2021-05-13T00:00:00.000000Z,0.18040600419044495,0.19803500175476074,0.17158700525760651,0.18558000028133392,265752473
2021-05-14T00:00:00.000000Z,0.18543300032615662,0.20667099952697754,0.18522900342941284,0.20073199272155762,181521791
2021-05-15T00:00:00.000000Z,0.20063599944114685,0.20423600077629089,0.18390199542045593,0.18576699495315552,159068514
2021-05-16T00:00:00.000000Z,0.18548999726772308,0.20356699824333191,0.17204800248146057,0.18280300498008728,205368152
2021-05-17T00:00:00.000000Z,0.18298700451850891,0.18303599953651428,0.16145899891853333,0.16948099434375763,173586801
2021-05-18T00:00:00.000000Z,0.16899199783802032,0.18464599549770355,0.1673009991645813,0.17526400089263916,154633171
2021-05-19T00:00:00.000000Z,0.17537300288677216,0.17772500216960907,0.081738002598285675,0.11200200021266937,390920948
2021-05-20T00:00:00.000000Z,0.11109299957752228,0.14670799672603607,0.10026600211858749,0.14417000114917755,261110599
2021-05-21T00:00:00.000000Z,0.14374800026416779,0.14607299864292145,0.097340002655982971,0.11391600221395493,206306203
2021-05-22T00:00:00.000000Z,0.11441399902105331,0.11778800189495087,0.099028997123241425,0.10471200197935104,144716902
2021-05-23T00:00:00.000000Z,0.10478000342845917,0.11011499911546707,0.069724000990390778,0.087509997189044952,185231201
2021-05-24T00:00:00.000000Z,0.087017998099327087,0.11003900319337845,0.084656998515129089,0.10903599858283997,158368205
2021-05-25T00:00:00.000000Z,0.10919100046157837,0.11364900320768356,0.098263002932071686,0.10743799805641174,142361841
2021-05-26T00:00:00.000000Z,0.107805997133255,0.13369700312614441,0.10560999810695648,0.13369700312614441,207491219
2021-05-27T00:00:00.000000Z,0.13388200104236603,0.1350570023059845,0.11915799975395203,0.1206279993057251,131089568
2021-05-28T00:00:00.000000Z,0.12136799842119217,0.12284400314092636,0.10080300271511078,0.11093900352716446,159064816
2021-05-29T00:00:00.000000Z,0.11091700196266174,0.11552000045776367,0.094160996377468109,0.099374003708362579,113591613
2021-05-30T00:00:00.000000Z,0.099509000778198242,0.11076000332832336,0.094068996608257294,0.10535699874162674,96493113
2021-05-31T00:00:00.000000Z,0.10546699911355972,0.1158050000667572,0.10069099813699722,0.1158050000667572,91308259
2021-06-01T00:00:00.000000Z,0.11599200218915939,0.12057200074195862,0.10982800275087357,0.11804000288248062,115779646
2021-06-02T00:00:00.000000Z,0.11806000024080276,0.12966899573802948,0.11756400018930435,0.12346400320529938,135997701
2021-06-03T00:00:00.000000Z,0.12338999658823013,0.15433000028133392,0.12141499668359756,0.13945299386978149,362384546
2021-06-04T00:00:00.000000Z,0.13950200378894806,0.13950200378894806,0.11984600126743317,0.12649199366569519,192330740
2021-06-05T00:00:00.000000Z,0.12665699422359467,0.13679599761962891,0.11541999876499176,0.12048500031232834,158259697
2021-06-06T00:00:00.000000Z,0.12042299658060074,0.13147300481796265,0.11957000195980072,0.12385699898004532,137692924
2021-06-07T00:00:00.000000Z,0.12365599721670151,0.12904700636863708,0.10839399695396423,0.11008699983358383,129120384
2021-06-08T00:00:00.000000Z,0.11106999963521957,0.1127220019698143,0.098830997943878174,0.10870999842882156,160783227
2021-06-09T00:00:00.000000Z,0.10817400366067886,0.11591699719429016,0.1036280021071434,0.11511199921369553,130476122
2021-06-10T00:00:00.000000Z,0.11514300107955933,0.11699999868869781,0.10526800155639648,0.10834600031375885,89258872
2021-06-11T00:00:00.000000Z,0.10856600105762482,0.11600799858570099,0.10087099671363831,0.10231799632310867,137487142
2021-06-12T00:00:00.000000Z,0.10226300358772278,0.1025879979133606,0.092372000217437744,0.098759002983570099,110800818
2021-06-13T00:00:00.000000Z,0.098922997713088989,0.10893599689006805,0.095715001225471497,0.10790199786424637,97847954
2021-06-14T00:00:00.000000Z,0.10767100006341934,0.11174900084733963,0.10486800223588943,0.11073199659585953,115127582
2021-06-15T00:00:00.000000Z,0.11225300282239914,0.11453799903392792,0.10586100071668625,0.11312499642372131,92138543
2021-06-16T00:00:00.000000Z,0.10739699751138687,0.11399299651384354,0.10301999747753143,0.1039469987154007,103799254
2021-06-17T00:00:00.000000Z,0.10401400178670883,0.10930600017309189,0.10193099826574326,0.10357800126075745,73303953
2021-06-18T00:00:00.000000Z,0.10353299975395203,0.10357300192117691,0.092518001794815063,0.096192002296447754,73474324
2021-06-19T00:00:00.000000Z,0.096314996480941772,0.098855003714561462,0.0931520015001297,0.093491002917289734,46710300
2021-06-20T00:00:00.000000Z,0.093188002705574036,0.097332000732421875,0.086011998355388641,0.095902003347873688,62527115
2021-06-21T00:00:00.000000Z,0.095730997622013092,0.096207000315189362,0.072187997400760651,0.072378002107143402,105097406
2021-06-22T00:00:00.000000Z,0.072259999811649323,0.078882001340389252,0.059905000030994415,0.068535998463630676,137843211
2021-06-23T00:00:00.000000Z,0.068552002310752869,0.079239003360271454,0.065710000693798065,0.07478100061416626,98377671
2021-06-24T00:00:00.000000Z,0.07373800128698349,0.079990997910499573,0.070454001426696777,0.078662998974323273,57061799
2021-06-25T00:00:00.000000Z,0.078904002904891968,0.081582002341747284,0.068805001676082611,0.069733001291751862,67738522
2021-06-26T00:00:00.000000Z,0.069536000490188599,0.071524001657962799,0.065904997289180756,0.069940000772476196,55237864
2021-06-27T00:00:00.000000Z,0.070119000971317291,0.072199001908302307,0.067125998437404633,0.071998998522758484,45526901
2021-06-28T00:00:00.000000Z,0.072112999856472015,0.084623999893665314,0.07112400233745575,0.079709000885486603,126117564
2021-06-29T00:00:00.000000Z,0.080038003623485565,0.088596001267433167,0.079470999538898468,0.085603997111320496,123637563
2021-06-30T00:00:00.000000Z,0.086272001266479492,0.089845001697540283,0.079838000237941742,0.087995998561382294,92086541
2021-07-01T00:00:00.000000Z,0.087967000901699066,0.087967000901699066,0.079976998269557953,0.082245998084545135,61545596
2021-07-02T00:00:00.000000Z,0.082158997654914856,0.08317200094461441,0.077270999550819397,0.081492997705936432,49681225
2021-07-03T00:00:00.000000Z,0.081520996987819672,0.082815997302532196,0.078842997550964355,0.082281999289989471,43692551
2021-07-04T00:00:00.000000Z,0.08228900283575058,0.084379002451896667,0.078996002674102783,0.082967996597290039,66357608
2021-07-05T00:00:00.000000Z,0.082952000200748444,0.082952000200748444,0.077573001384735107,0.079726003110408783,57864233
2021-07-06T00:00:00.000000Z,0.079704001545906067,0.082618996500968933,0.078634999692440033,0.080605998635292053,65250287
2021-07-07T00:00:00.000000Z,0.080863997340202332,0.085311003029346466,0.079199999570846558,0.081220999360084534,94757463
2021-07-08T00:00:00.000000Z,0.081422001123428345,0.081432998180389404,0.073848001658916473,0.07504899799823761,74507207
2021-07-09T00:00:00.000000Z,0.074859000742435455,0.075548000633716583,0.070831000804901123,0.074988998472690582,53458164
2021-07-10T00:00:00.000000Z,0.074960999190807343,0.07582399994134903,0.071565002202987671,0.072977997362613678,37169200
2021-07-11T00:00:00.000000Z,0.073008999228477478,0.074625998735427856,0.071641996502876282,0.073795996606349945,41715644
2021-07-12T00:00:00.000000Z,0.073959998786449432,0.075015999376773834,0.070295996963977814,0.07196199893951416,38176603
2021-07-13T00:00:00.000000Z,0.071869000792503357,0.072195000946521759,0.067858003079891205,0.069195002317428589,45032050
2021-07-14T00:00:00.000000Z,0.069202996790409088,0.071347996592521667,0.064719997346401215,0.071323998272418976,53251205
2021-07-15T00:00:00.000000Z,0.07130199670791626,0.071419000625610352,0.065058000385761261,0.067161999642848969,45913833
2021-07-16T00:00:00.000000Z,0.067363999783992767,0.068337999284267426,0.061556998640298843,0.06189500167965889,45955519
2021-07-17T00:00:00.000000Z,0.061788000166416168,0.063363000750541687,0.060453001409769058,0.062189001590013504,34547711
2021-07-18T00:00:00.000000Z,0.062252998352050781,0.065017998218536377,0.061590999364852905,0.063326999545097351,33001285
2021-07-19T00:00:00.000000Z,0.063332997262477875,0.063729003071784973,0.057890001684427261,0.057936999946832657,34889621
2021-07-20T00:00:00.000000Z,0.058138001710176468,0.059142999351024628,0.050905000418424606,0.053435001522302628,56638748
2021-07-21T00:00:00.000000Z,0.053435001522302628,0.060272000730037689,0.052007000893354416,0.058403998613357544,52221105
2021-07-22T00:00:00.000000Z,0.058559998869895935,0.062871001660823822,0.057847000658512115,0.062139000743627548,54525545
2021-07-23T00:00:00.000000Z,0.062091000378131866,0.063611000776290894,0.059429001063108444,0.063088998198509216,40800761
2021-07-24T00:00:00.000000Z,0.06305299699306488,0.066476002335548401,0.062680996954441071,0.064690999686717987,46162143
2021-07-25T00:00:00.000000Z,0.064636997878551483,0.075222000479698181,0.062336001545190811,0.074072003364562988,162909981
2021-07-26T00:00:00.000000Z,0.07415500283241272,0.084890998899936676,0.073320001363754272,0.074390999972820282,240992402
2021-07-27T00:00:00.000000Z,0.074349001049995422,0.078172996640205383,0.069687001407146454,0.076452001929283142,103981196
2021-07-28T00:00:00.000000Z,0.07652600109577179,0.076893001794815063,0.072816997766494751,0.073930002748966217,70370264
2021-07-29T00:00:00.000000Z,0.074146002531051636,0.078697003424167633,0.072911001741886139,0.075873002409934998,118064798
2021-07-30T00:00:00.000000Z,0.076082997024059296,0.080684997141361237,0.07333499938249588,0.080684997141361237,104478469
2021-07-31T00:00:00.000000Z,0.080513998866081238,0.084969997406005859,0.078019000589847565,0.083774998784065247,129814918
2021-08-01T00:00:00.000000Z,0.083507001399993896,0.088464997708797455,0.078840002417564392,0.079836003482341766,109148923
2021-08-02T00:00:00.000000Z,0.079767003655433655,0.08433300256729126,0.077999003231525421,0.081821002066135406,67231540
2021-08-03T00:00:00.000000Z,0.081633999943733215,0.081949003040790558,0.077051997184753418,0.078622996807098389,56442955
2021-08-04T00:00:00.000000Z,0.078888997435569763,0.081642001867294312,0.076986998319625854,0.081216998398303986,49161582
2021-08-05T00:00:00.000000Z,0.081217996776103973,0.087073996663093567,0.078239001333713531,0.086143001914024353,108757493
2021-08-06T00:00:00.000000Z,0.086069002747535706,0.091248996555805206,0.083621002733707428,0.090945996344089508,112663917
2021-08-07T00:00:00.000000Z,0.091121003031730652,0.096032001078128815,0.089180998504161835,0.093359999358654022,147555594
2021-08-08T00:00:00.000000Z,0.093119002878665924,0.094641998410224915,0.085547998547554016,0.0870169997215271,93368495
2021-08-09T00:00:00.000000Z,0.086946003139019012,0.093189001083374023,0.083765000104904175,0.091893002390861511,108027340
2021-08-10T00:00:00.000000Z,0.091811999678611755,0.099912002682685852,0.090668000280857086,0.097589999437332153,167467653
2021-08-11T00:00:00.000000Z,0.097740001976490021,0.10667700320482254,0.097009003162384033,0.10478200018405914,172462997
2021-08-12T00:00:00.000000Z,0.10473199933767319,0.10638099908828735,0.094980999827384949,0.098947003483772278,131945990
2021-08-13T00:00:00.000000Z,0.099160000681877136,0.10684499889612198,0.097750000655651093,0.10583700239658356,144528785
2021-08-14T00:00:00.000000Z,0.10574399679899216,0.11630599945783615,0.104264996945858,0.11173299700021744,229771416
2021-08-15T00:00:00.000000Z,0.11169300228357315,0.11299599707126617,0.10537099838256836,0.11177899688482285,108707913
2021-08-16T00:00:00.000000Z,0.11158499866724014,0.11561299860477448,0.10613100230693817,0.1074879989027977,130204026
2021-08-17T00:00:00.000000Z,0.10680700093507767,0.11259199678897858,0.098563000559806824,0.099342003464698792,122444746
2021-08-18T00:00:00.000000Z,0.099596001207828522,0.10178700089454651,0.094171002507209778,0.097910001873970032,98288384
2021-08-19T00:00:00.000000Z,0.097571000456809998,0.10434599965810776,0.095663003623485565,0.10434599965810776,88756757
2021-08-20T00:00:00.000000Z,0.104373998939991,0.10937999933958054,0.10295800119638443,0.10802800208330154,87092363
2021-08-21T00:00:00.000000Z,0.10813900083303452,0.11248199641704559,0.10579100251197815,0.1068900004029274,109244447
2021-08-22T00:00:00.000000Z,0.10708600282669067,0.11131899803876877,0.10538999736309052,0.10965099930763245,92502233
2021-08-23T00:00:00.000000Z,0.10959400236606598,0.1222589984536171,0.10864900052547455,0.11522199958562851,201732955
2021-08-24T00:00:00.000000Z,0.11538899689912796,0.12402399629354477,0.10522499680519104,0.10743799805641174,194458302
2021-08-25T00:00:00.000000Z,0.10745199769735336,0.11369600147008896,0.10356999933719635,0.11264900118112564,134349604
2021-08-26T00:00:00.000000Z,0.11293700337409973,0.11850800365209579,0.10436700284481049,0.1056860014796257,162839832
2021-08-27T00:00:00.000000Z,0.10565800219774246,0.11302399635314941,0.10207299888134003,0.11277999728918076,176581919
2021-08-28T00:00:00.000000Z,0.1128389984369278,0.11407099664211273,0.10980399698019028,0.11318399757146835,89450881
2021-08-29T00:00:00.000000Z,0.11345499753952026,0.11480899900197983,0.10785400122404099,0.11001499742269516,83944472
2021-08-30T00:00:00.000000Z,0.11004699766635895,0.11300399899482727,0.10536500066518784,0.10684999823570251,99378999
2021-08-31T00:00:00.000000Z,0.10712900012731552,0.11223799735307693,0.10451199859380722,0.10819099843502045,93421977
2021-09-01T00:00:00.000000Z,0.10804300010204315,0.11584299802780151,0.10588999837636948,0.1152070015668869,109284229
2021-09-02T00:00:00.000000Z,0.1151840016245842,0.11597999930381775,0.11191599816083908,0.11407700181007385,97018802
2021-09-03T00:00:00.000000Z,0.11394699662923813,0.12289100140333176,0.11181800067424774,0.11946000158786774,176929480
2021-09-04T00:00:00.000000Z,0.11941900104284286,0.12576699256896973,0.11819600313901901,0.12217500060796738,176606134
2021-09-05T00:00:00.000000Z,0.12223400175571442,0.13608099520206451,0.12085100263357162,0.13275900483131409,208724089
2021-09-06T00:00:00.000000Z,0.13275599479675293,0.13476000726222992,0.12346900254487991,0.13088999688625336,168848774
2021-09-07T00:00:00.000000Z,0.13073599338531494,0.13088199496269226,0.087245002388954163,0.10153000056743622,278218878
2021-09-08T00:00:00.000000Z,0.10146799683570862,0.10592400282621384,0.092082001268863678,0.10320000350475311,164756860
2021-09-09T00:00:00.000000Z,0.10216700285673141,0.11098299920558929,0.10168199986219406,0.10823599994182587,136803725
2021-09-10T00:00:00.000000Z,0.10823100060224533,0.12041299790143967,0.10347999632358551,0.10605800151824951,264915935
2021-09-11T00:00:00.000000Z,0.10632800310850143,0.11187099665403366,0.10456100106239319,0.10699400305747986,114480266
2021-09-12T00:00:00.000000Z,0.10711199790239334,0.11278499662876129,0.10446500033140182,0.11204800009727478,104923750
2021-09-13T00:00:00.000000Z,0.11211399734020233,0.11370000243186951,0.097180001437664032,0.10256099700927734,132117375
2021-09-14T00:00:00.000000Z,0.10264600068330765,0.10726200044155121,0.10087200254201889,0.1065789982676506,86784984
2021-09-15T00:00:00.000000Z,0.10663799941539764,0.11238600313663483,0.10482300072908401,0.11140400171279907,90924385
2021-09-16T00:00:00.000000Z,0.11117599904537201,0.11607100069522858,0.10746099799871445,0.11212199926376343,127942741
2021-09-17T00:00:00.000000Z,0.11198800057172775,0.11670900136232376,0.10586299747228622,0.10753100365400314,127461888
2021-09-18T00:00:00.000000Z,0.10759399831295013,0.11142999678850174,0.10591199994087219,0.10844500362873077,58777413
2021-09-19T00:00:00.000000Z,0.10822699964046478,0.1084510013461113,0.1011430025100708,0.10251899808645248,46313782
2021-09-20T00:00:00.000000Z,0.10254699736833572,0.10271400213241577,0.084743000566959381,0.086488999426364899,124038659
2021-09-21T00:00:00.000000Z,0.087025001645088196,0.091183997690677643,0.078749999403953552,0.080775000154972076,97265682
2021-09-22T00:00:00.000000Z,0.080640003085136414,0.092265002429485321,0.07902199774980545,0.092134997248649597,70418831
2021-09-23T00:00:00.000000Z,0.091955997049808502,0.093470998108386993,0.088659003376960754,0.0930899977684021,73658191
2021-09-24T00:00:00.000000Z,0.09312400221824646,0.093500003218650818,0.079677000641822815,0.08504900336265564,76052287
2021-09-25T00:00:00.000000Z,0.085026003420352936,0.086291998624801636,0.081881001591682434,0.083924002945423126,55960974
2021-09-26T00:00:00.000000Z,0.084127999842166901,0.084588997066020966,0.077114999294281006,0.083403997123241425,66074221
2021-09-27T00:00:00.000000Z,0.083595000207424164,0.085753999650478363,0.079372003674507141,0.079570002853870392,58764266
2021-09-28T00:00:00.000000Z,0.079447999596595764,0.080420002341270447,0.07505500316619873,0.075245998799800873,63274371
2021-09-29T00:00:00.000000Z,0.075271002948284149,0.085189998149871826,0.074744999408721924,0.08256000280380249,129804435
2021-09-30T00:00:00.000000Z,0.08259899914264679,0.089325003325939178,0.082439996302127838,0.085753001272678375,132987221
2021-10-01T00:00:00.000000Z,0.085823997855186462,0.095775000751018524,0.084224998950958252,0.094736002385616302,128738919
2021-10-02T00:00:00.000000Z,0.094668000936508179,0.1020049974322319,0.093336001038551331,0.096662998199462891,107946475
2021-10-03T00:00:00.000000Z,0.096524998545646667,0.10304799675941467,0.094406001269817352,0.099581003189086914,82367586
2021-10-04T00:00:00.000000Z,0.099653996527194977,0.10151699930429459,0.095161996781826019,0.096848003566265106,82112686
2021-10-05T00:00:00.000000Z,0.096905000507831573,0.10753399878740311,0.096505999565124512,0.10330100357532501,131636424
2021-10-06T00:00:00.000000Z,0.1031619980931282,0.10348899662494659,0.093916997313499451,0.098892003297805786,131772419
2021-10-07T00:00:00.000000Z,0.098756998777389526,0.099959999322891235,0.095334000885486603,0.098472997546195984,83469632
2021-10-08T00:00:00.000000Z,0.098302997648715973,0.10282099992036819,0.0977339968085289,0.099797002971172333,91742642
2021-10-09T00:00:00.000000Z,0.099827997386455536,0.10742399841547012,0.099269002676010132,0.10290700197219849,93342539
2021-10-10T00:00:00.000000Z,0.10301599651575089,0.10301599651575089,0.095274001359939575,0.095950998365879059,62802939
2021-10-11T00:00:00.000000Z,0.095742002129554749,0.099123001098632812,0.091958001255989075,0.094470001757144928,61571345
2021-10-12T00:00:00.000000Z,0.094553999602794647,0.094553999602794647,0.086675003170967102,0.091535001993179321,72171792
2021-10-13T00:00:00.000000Z,0.091412000358104706,0.094383999705314636,0.089647002518177032,0.094268001616001129,63741803
2021-10-14T00:00:00.000000Z,0.094264000654220581,0.09921400249004364,0.09383700042963028,0.098540998995304108,68980798
2021-10-15T00:00:00.000000Z,0.098673999309539795,0.099733002483844757,0.092634998261928558,0.096185997128486633,108332354
2021-10-16T00:00:00.000000Z,0.096265003085136414,0.10041200369596481,0.095302000641822815,0.097451001405715942,84628904
2021-10-17T00:00:00.000000Z,0.097460001707077026,0.098030999302864075,0.090837001800537109,0.093852996826171875,55577889
2021-10-18T00:00:00.000000Z,0.093897998332977295,0.094478003680706024,0.090957000851631165,0.093170002102851868,51964366
2021-10-19T00:00:00.000000Z,0.093227997422218323,0.094002000987529755,0.090655997395515442,0.091605998575687408,52709726
2021-10-20T00:00:00.000000Z,0.09158799797296524,0.096522003412246704,0.090845003724098206,0.09571799635887146,56555357
2021-10-21T00:00:00.000000Z,0.095774002373218536,0.1007469967007637,0.093227997422218323,0.094070002436637878,91111735
2021-10-22T00:00:00.000000Z,0.094291999936103821,0.10401999950408936,0.093907997012138367,0.1017099991440773,160180042
2021-10-23T00:00:00.000000Z,0.10180599987506866,0.1058029979467392,0.10016400367021561,0.1033409982919693,108825355
2021-10-24T00:00:00.000000Z,0.10335800051689148,0.10663600265979767,0.099628999829292297,0.10205899924039841,100777290
2021-10-25T00:00:00.000000Z,0.10191799700260162,0.11400499939918518,0.10154200345277786,0.11079400032758713,152646599
2021-10-26T00:00:00.000000Z,0.11065900325775146,0.1123030036687851,0.10591199994087219,0.10691200196743011,96593543
2021-10-27T00:00:00.000000Z,0.10681799799203873,0.11038900166749954,0.091696001589298248,0.093514002859592438,142375321
2021-10-28T00:00:00.000000Z,0.093523003160953522,0.10116700083017349,0.093523003160953522,0.098252996802330017,98248160
2021-10-29T00:00:00.000000Z,0.098215997219085693,0.10241100192070007,0.097805999219417572,0.10085699707269669,78142267
2021-10-30T00:00:00.000000Z,0.10096400231122971,0.10384099930524826,0.097777999937534332,0.10178700089454651,89243645
2021-10-31T00:00:00.000000Z,0.1017950028181076,0.12456099689006805,0.10151199996471405,0.11235599964857101,578789715
2021-11-01T00:00:00.000000Z,0.11242800205945969,0.1127839982509613,0.10429199784994125,0.11276499927043915,162063296
2021-11-02T00:00:00.000000Z,0.11285799741744995,0.11670999974012375,0.11004900187253952,0.11452800035476685,130791142
2021-11-03T00:00:00.000000Z,0.11463700234889984,0.11463700234889984,0.10627599805593491,0.10944999754428864,110329074
2021-11-04T00:00:00.000000Z,0.10945700109004974,0.11233899742364883,0.10556499660015106,0.10898800194263458,101897411
2021-11-05T00:00:00.000000Z,0.10915400087833405,0.11283300071954727,0.10713300108909607,0.10866200178861618,111473240
2021-11-06T00:00:00.000000Z,0.10862299799919128,0.11110399663448334,0.10398899763822556,0.10743500292301178,84646315
2021-11-07T00:00:00.000000Z,0.1074569970369339,0.11068499833345413,0.10733699798583984,0.10926400125026703,72747172
2021-11-08T00:00:00.000000Z,0.10931000113487244,0.11221300065517426,0.10760699957609177,0.11156900227069855,98323251
2021-11-09T00:00:00.000000Z,0.11158899962902069,0.11508399993181229,0.10980699956417084,0.11287499964237213,145790662
2021-11-10T00:00:00.000000Z,0.11278799921274185,0.11289100348949432,0.097084999084472656,0.10245200246572495,174616132
2021-11-11T00:00:00.000000Z,0.10235500335693359,0.1054529994726181,0.1007080003619194,0.1032629981637001,101548140
2021-11-12T00:00:00.000000Z,0.10315400362014771,0.10399000346660614,0.097276002168655396,0.100040003657341,87586898
2021-11-13T00:00:00.000000Z,0.10004100203514099,0.10245600342750549,0.099919997155666351,0.10159400105476379,62579568
2021-11-14T00:00:00.000000Z,0.10154800117015839,0.10718999803066254,0.099026001989841461,0.10159300267696381,90969660
2021-11-15T00:00:00.000000Z,0.10162000358104706,0.10548000037670135,0.10039500147104263,0.10144799947738647,86630209
2021-11-16T00:00:00.000000Z,0.10175199806690216,0.10175199806690216,0.087646998465061188,0.093157999217510223,133854548
2021-11-17T00:00:00.000000Z,0.093125000596046448,0.096031002700328827,0.091352999210357666,0.095812998712062836,109830620
2021-11-18T00:00:00.000000Z,0.095833003520965576,0.097056999802589417,0.085110999643802643,0.087173998355865479,104596484
2021-11-19T00:00:00.000000Z,0.087080001831054688,0.092587999999523163,0.085276000201702118,0.091516003012657166,76504733
2021-11-20T00:00:00.000000Z,0.091532997786998749,0.093250997364521027,0.089057996869087219,0.093102000653743744,57821926
2021-11-21T00:00:00.000000Z,0.093093998730182648,0.094993002712726593,0.092166997492313385,0.093099996447563171,63116994
2021-11-22T00:00:00.000000Z,0.093060001730918884,0.093202002346515656,0.087865002453327179,0.088955000042915344,76442332
2021-11-23T00:00:00.000000Z,0.089161001145839691,0.090724997222423553,0.087220996618270874,0.08998899906873703,62062105
2021-11-24T00:00:00.000000Z,0.09003099799156189,0.091744996607303619,0.085207998752593994,0.088665001094341278,69028762
2021-11-25T00:00:00.000000Z,0.087146997451782227,0.090953998267650604,0.087021999061107635,0.087888002395629883,69974159
2021-11-26T00:00:00.000000Z,0.089477002620697021,0.090475998818874359,0.079962000250816345,0.081294000148773193,103463118
2021-11-27T00:00:00.000000Z,0.081574998795986176,0.085312999784946442,0.081390999257564545,0.083847001194953918,58117724
2021-11-28T00:00:00.000000Z,0.083792999386787415,0.084164999425411224,0.077724002301692963,0.084059000015258789,67551339
2021-11-29T00:00:00.000000Z,0.084109000861644745,0.09519600123167038,0.084035001695156097,0.091559998691082001,281137588
2021-11-30T00:00:00.000000Z,0.091450996696949005,0.091672003269195557,0.086772002279758453,0.087664000689983368,100578797
2021-12-01T00:00:00.000000Z,0.087467998266220093,0.089925996959209442,0.085812002420425415,0.086980998516082764,67655126
2021-12-02T00:00:00.000000Z,0.087136000394821167,0.087408997118473053,0.083823002874851227,0.086058996617794037,56368465
2021-12-03T00:00:00.000000Z,0.086180999875068665,0.089056998491287231,0.079406999051570892,0.081822000443935394,90065793
2021-12-04T00:00:00.000000Z,0.082036003470420837,0.082036003470420837,0.053679000586271286,0.070184998214244843,165197754
2021-12-05T00:00:00.000000Z,0.070179998874664307,0.071134001016616821,0.063868999481201172,0.066414996981620789,81024002
2021-12-06T00:00:00.000000Z,0.066533997654914856,0.069641999900341034,0.060109000653028488,0.069118998944759369,83397554
2021-12-07T00:00:00.000000Z,0.069099001586437225,0.072276003658771515,0.068043000996112823,0.069531001150608063,75888951
2021-12-08T00:00:00.000000Z,0.069559000432491302,0.075537003576755524,0.068673998117446899,0.074587002396583557,105386501
2021-12-09T00:00:00.000000Z,0.074505999684333801,0.074987001717090607,0.066460996866226196,0.066460996866226196,59835858
2021-12-10T00:00:00.000000Z,0.066494002938270569,0.068230003118515015,0.062401998788118362,0.062570996582508087,56228923
2021-12-11T00:00:00.000000Z,0.062638998031616211,0.065783999860286713,0.061643000692129135,0.065355002880096436,40467956
2021-12-12T00:00:00.000000Z,0.065270997583866119,0.066179998219013214,0.063202999532222748,0.065411999821662903,31264964
2021-12-13T00:00:00.000000Z,0.065489999949932098,0.065922997891902924,0.057479999959468842,0.058171000331640244,50417581
2021-12-14T00:00:00.000000Z,0.058219000697135925,0.06079300120472908,0.057234000414609909,0.058306999504566193,52383800
2021-12-15T00:00:00.000000Z,0.060708001255989075,0.062794998288154602,0.05802299827337265,0.062097001820802689,47631232
2021-12-16T00:00:00.000000Z,0.062134001404047012,0.064079001545906067,0.060171999037265778,0.060292001813650131,36641821
2021-12-17T00:00:00.000000Z,0.060332000255584717,0.061586000025272369,0.057937998324632645,0.059571001678705215,34746245
2021-12-18T00:00:00.000000Z,0.059489000588655472,0.065568000078201294,0.058664999902248383,0.062982000410556793,83186605
2021-12-19T00:00:00.000000Z,0.062954999506473541,0.063352003693580627,0.060525000095367432,0.060860998928546906,34397775
2021-12-20T00:00:00.000000Z,0.060901999473571777,0.061305999755859375,0.057277001440525055,0.059393998235464096,47872885
2021-12-21T00:00:00.000000Z,0.059519000351428986,0.063245996832847595,0.058605998754501343,0.063245996832847595,40000160
2021-12-22T00:00:00.000000Z,0.063294999301433563,0.068819999694824219,0.063294999301433563,0.067657001316547394,77025949
2021-12-23T00:00:00.000000Z,0.067680999636650085,0.074018999934196472,0.066325001418590546,0.072893001139163971,78058896
2021-12-24T00:00:00.000000Z,0.073016002774238586,0.076076999306678772,0.070841997861862183,0.07172500342130661,72730947
2021-12-25T00:00:00.000000Z,0.071859002113342285,0.074196003377437592,0.071399003267288208,0.073100998997688293,37990549
2021-12-26T00:00:00.000000Z,0.072985999286174774,0.076723001897335052,0.07091899961233139,0.076683998107910156,48957841
2021-12-27T00:00:00.000000Z,0.076695002615451813,0.085314996540546417,0.076132997870445251,0.078950002789497375,167710828
2021-12-28T00:00:00.000000Z,0.079111002385616302,0.083067998290061951,0.07382500171661377,0.075295001268386841,144963516
2021-12-29T00:00:00.000000Z,0.075245998799800873,0.082148998975753784,0.075129002332687378,0.08025900274515152,195170349
2021-12-30T00:00:00.000000Z,0.079984001815319061,0.083148002624511719,0.075630001723766327,0.07844100147485733,142317786
2021-12-31T00:00:00.000000Z,0.078390002250671387,0.080077998340129852,0.073652997612953186,0.074793003499507904,93648982
2022-01-01T00:00:00.000000Z,0.074827998876571655,0.076833002269268036,0.074759997427463531,0.076315000653266907,56290250
2022-01-02T00:00:00.000000Z,0.076318003237247467,0.077781997621059418,0.074988998472690582,0.07679399847984314,68182909
2022-01-03T00:00:00.000000Z,0.07679399847984314,0.077261000871658325,0.07333499938249588,0.074280999600887299,67430765
2022-01-04T00:00:00.000000Z,0.074289001524448395,0.074334003031253815,0.071189999580383301,0.071189999580383301,71419274
2022-01-05T00:00:00.000000Z,0.071198001503944397,0.07303900271654129,0.063647001981735229,0.066960997879505157,81792307
2022-01-06T00:00:00.000000Z,0.06694900244474411,0.066991999745368958,0.062913998961448669,0.065738998353481293,66399454
2022-01-07T00:00:00.000000Z,0.065727002918720245,0.06627500057220459,0.060710001736879349,0.063135996460914612,78096446
2022-01-08T00:00:00.000000Z,0.063137002289295197,0.064986996352672577,0.059686001390218735,0.061094999313354492,50644309
2022-01-09T00:00:00.000000Z,0.06108500063419342,0.063092999160289764,0.060575000941753387,0.06214899942278862,41404612
2022-01-10T00:00:00.000000Z,0.062146998941898346,0.062762998044490814,0.056602999567985535,0.059025000780820847,57344667
2022-01-11T00:00:00.000000Z,0.059014998376369476,0.061188001185655594,0.058676000684499741,0.060743998736143112,42521047
2022-01-12T00:00:00.000000Z,0.060741998255252838,0.066523998975753784,0.060580000281333923,0.065259002149105072,56604198
2022-01-13T00:00:00.000000Z,0.065264999866485596,0.068644002079963684,0.063688002526760101,0.063688002526760101,86085797
2022-01-14T00:00:00.000000Z,0.063695996999740601,0.065266996622085571,0.062500998377799988,0.064459003508090973,52830740
2022-01-15T00:00:00.000000Z,0.064462997019290924,0.066558003425598145,0.063720002770423889,0.065581999719142914,38178030
2022-01-16T00:00:00.000000Z,0.06557600200176239,0.066380999982357025,0.064115002751350403,0.064802996814250946,38247630
2022-01-17T00:00:00.000000Z,0.064806997776031494,0.06484299898147583,0.060952998697757721,0.061914000660181046,45384134
2022-01-18T00:00:00.000000Z,0.061918001621961594,0.062334001064300537,0.059966001659631729,0.061121001839637756,39545083
2022-01-19T00:00:00.000000Z,0.061121001839637756,0.061142001301050186,0.058203998953104019,0.059344999492168427,47190282
2022-01-20T00:00:00.000000Z,0.059340000152587891,0.062127001583576202,0.056981999427080154,0.056997001171112061,45329318
2022-01-21T00:00:00.000000Z,0.057029999792575836,0.057852998375892639,0.047602001577615738,0.048365999013185501,70060711
2022-01-22T00:00:00.000000Z,0.048377998173236847,0.049550000578165054,0.04072599858045578,0.042656000703573227,83164328
2022-01-23T00:00:00.000000Z,0.042670998722314835,0.04517899826169014,0.0423629991710186,0.044296998530626297,47340100
2022-01-24T00:00:00.000000Z,0.044298999011516571,0.044312998652458191,0.037896998226642609,0.042169999331235886,68758877
2022-01-25T00:00:00.000000Z,0.04217199981212616,0.046365998685359955,0.04143499955534935,0.045014999806880951,78088874
2022-01-26T00:00:00.000000Z,0.044989001005887985,0.048014998435974121,0.043800998479127884,0.044932000339031219,68117143
2022-01-27T00:00:00.000000Z,0.044922001659870148,0.045161999762058258,0.042438998818397522,0.043937001377344131,42231682
2022-01-28T00:00:00.000000Z,0.043928999453783035,0.045490000396966934,0.043053999543190002,0.045294001698493958,36117780
2022-01-29T00:00:00.000000Z,0.045294001698493958,0.046199001371860504,0.044962998479604721,0.04558899998664856,26245596
2022-01-30T00:00:00.000000Z,0.045598000288009644,0.046434000134468079,0.04385099932551384,0.044502001255750656,26424700
2022-01-31T00:00:00.000000Z,0.044505000114440918,0.044911999255418777,0.042681001126766205,0.044787000864744186,29374595
2022-02-01T00:00:00.000000Z,0.044787999242544174,0.046415999531745911,0.044732000678777695,0.045565001666545868,31784369
2022-02-02T00:00:00.000000Z,0.045561999082565308,0.046948999166488647,0.04385799914598465,0.043914999812841415,35938078
2022-02-03T00:00:00.000000Z,0.043901000171899796,0.044837001711130142,0.042895000427961349,0.044837001711130142,32589932
2022-02-04T00:00:00.000000Z,0.044821999967098236,0.049911998212337494,0.044821999967098236,0.049834001809358597,107595879
2022-02-05T00:00:00.000000Z,0.049864001572132111,0.052630998194217682,0.049437999725341797,0.05136600136756897,67399325
2022-02-06T00:00:00.000000Z,0.051364999264478683,0.05339600145816803,0.050818998366594315,0.053332000970840454,51632173
2022-02-07T00:00:00.000000Z,0.053325001150369644,0.058150000870227814,0.052143998444080353,0.057789001613855362,102479827
2022-02-08T00:00:00.000000Z,0.057792000472545624,0.058529000729322433,0.053679000586271286,0.055567998439073563,74833604
2022-02-09T00:00:00.000000Z,0.055555000901222229,0.057505000382661819,0.054113999009132385,0.05704599991440773,43320604
2022-02-10T00:00:00.000000Z,0.057045001536607742,0.057443000376224518,0.053419999778270721,0.053472999483346939,59011420
2022-02-11T00:00:00.000000Z,0.053474001586437225,0.054276999086141586,0.048606999218463898,0.049081001430749893,58717372
2022-02-12T00:00:00.000000Z,0.049082998186349869,0.049667000770568848,0.047233998775482178,0.048730999231338501,44055799
2022-02-13T00:00:00.000000Z,0.048726998269557953,0.049256999045610428,0.04692399874329567,0.047938000410795212,29997324
2022-02-14T00:00:00.000000Z,0.047915998846292496,0.048362001776695251,0.046328999102115631,0.048128999769687653,35219910
2022-02-15T00:00:00.000000Z,0.048128001391887665,0.05134899914264679,0.048108000308275223,0.051307998597621918,38445594
2022-02-16T00:00:00.000000Z,0.051323000341653824,0.051571998745203018,0.049561001360416412,0.051089998334646225,43708784
2022-02-17T00:00:00.000000Z,0.051068998873233795,0.051550000905990601,0.046073999255895615,0.046574998646974564,43843696
2022-02-18T00:00:00.000000Z,0.046580001711845398,0.047720000147819519,0.045531999319791794,0.046107001602649689,37085322
2022-02-19T00:00:00.000000Z,0.046103999018669128,0.047173000872135162,0.04483800008893013,0.045981001108884811,27146329
2022-02-20T00:00:00.000000Z,0.045974999666213989,0.045990001410245895,0.042858000844717026,0.043584000319242477,36953770
2022-02-21T00:00:00.000000Z,0.043579000979661942,0.045313999056816101,0.039560001343488693,0.039613001048564911,53239174
2022-02-22T00:00:00.000000Z,0.039606001228094101,0.040690001100301743,0.038440000265836716,0.04068399965763092,50952022
2022-02-23T00:00:00.000000Z,0.040681000798940659,0.04210900142788887,0.038904998451471329,0.03897399827837944,40590358
2022-02-24T00:00:00.000000Z,0.038963999599218369,0.039099998772144318,0.033459000289440155,0.038079001009464264,77182687
2022-02-25T00:00:00.000000Z,0.038081001490354538,0.041230000555515289,0.037925999611616135,0.040800999850034714,44644891
2022-02-26T00:00:00.000000Z,0.040810000151395798,0.042123999446630478,0.04069099947810173,0.040961999446153641,35676124
2022-02-27T00:00:00.000000Z,0.040959998965263367,0.041622001677751541,0.038470000028610229,0.038991998881101608,36819003
2022-02-28T00:00:00.000000Z,0.038998998701572418,0.043099001049995422,0.03846300020813942,0.043099001049995422,41853124
2022-03-01T00:00:00.000000Z,0.043095000088214874,0.04527600109577179,0.043095000088214874,0.043924998492002487,79177011
2022-03-02T00:00:00.000000Z,0.043931998312473297,0.044314000755548477,0.042180001735687256,0.043044999241828918,48149911
2022-03-03T00:00:00.000000Z,0.043044999241828918,0.043751999735832214,0.041223000735044479,0.041930999606847763,42345508
2022-03-04T00:00:00.000000Z,0.041937999427318573,0.041999001055955887,0.038284000009298325,0.038594000041484833,33807568
2022-03-05T00:00:00.000000Z,0.038603000342845917,0.040017001330852509,0.037891998887062073,0.039880998432636261,23001587
2022-03-06T00:00:00.000000Z,0.039887998253107071,0.040242001414299011,0.037955000996589661,0.038038000464439392,25135554
2022-03-07T00:00:00.000000Z,0.03803899884223938,0.039880000054836273,0.036802999675273895,0.038148999214172363,41021170
2022-03-08T00:00:00.000000Z,0.038146998733282089,0.039489001035690308,0.037941999733448029,0.039096999913454056,36383928
2022-03-09T00:00:00.000000Z,0.039108999073505402,0.041928000748157501,0.039108999073505402,0.041390001773834229,63226071
2022-03-10T00:00:00.000000Z,0.041390001773834229,0.043637998402118683,0.039367999881505966,0.042332999408245087,167161266
2022-03-11T00:00:00.000000Z,0.042330000549554825,0.042353998869657516,0.040098000317811966,0.040532998740673065,71700074
2022-03-12T00:00:00.000000Z,0.040530998259782791,0.041857000440359116,0.04049300029873848,0.04069099947810173,44625190
2022-03-13T00:00:00.000000Z,0.040683001279830933,0.041260000318288803,0.038715999573469162,0.038743000477552414,31021872
2022-03-14T00:00:00.000000Z,0.038738999515771866,0.039691001176834106,0.038229998201131821,0.039540000259876251,33867516
2022-03-15T00:00:00.000000Z,0.039538998156785965,0.039895001798868179,0.038233999162912369,0.039698000997304916,34064501
2022-03-16T00:00:00.000000Z,0.039698999375104904,0.0411360003054142,0.039087999612092972,0.041124999523162842,45068820
2022-03-17T00:00:00.000000Z,0.041122999042272568,0.042233999818563461,0.040562998503446579,0.041278999298810959,32204531
2022-03-18T00:00:00.000000Z,0.041274998337030411,0.042626999318599701,0.040352001786231995,0.04242200031876564,34445830
2022-03-19T00:00:00.000000Z,0.04242200031876564,0.04421599954366684,0.042405001819133759,0.043972000479698181,46115622
2022-03-20T00:00:00.000000Z,0.043972998857498169,0.044853001832962036,0.042151998728513718,0.042594999074935913,42293013
2022-03-21T00:00:00.000000Z,0.042587999254465103,0.044045999646186829,0.041705001145601273,0.043267998844385147,42307787
2022-03-22T00:00:00.000000Z,0.043271001428365707,0.045658998191356659,0.043175000697374344,0.045104000717401505,76181481
2022-03-23T00:00:00.000000Z,0.045104999095201492,0.049447998404502869,0.045072998851537704,0.04897800087928772,84512593
2022-03-24T00:00:00.000000Z,0.048971999436616898,0.049984000623226166,0.047967001795768738,0.049564998596906662,58577466
2022-03-25T00:00:00.000000Z,0.049564998596906662,0.050588000565767288,0.047316998243331909,0.047708000987768173,45447772
2022-03-26T00:00:00.000000Z,0.047704000025987625,0.093061000108718872,0.047704000025987625,0.092931002378463745,1714406812
2022-03-27T00:00:00.000000Z,0.093188002705574036,0.12248100340366364,0.085366003215312958,0.10587900131940842,3540192514
2022-03-28T00:00:00.000000Z,0.10590799897909164,0.1180569976568222,0.09916599839925766,0.099292002618312836,1458272970
2022-03-29T00:00:00.000000Z,0.09927300363779068,0.10614299774169922,0.097182996571063995,0.10253699868917465,789707733
2022-03-30T00:00:00.000000Z,0.10254199802875519,0.18319499492645264,0.099168002605438232,0.18179699778556824,6893029662
2022-03-31T00:00:00.000000Z,0.18166400492191315,0.21804000437259674,0.17424799501895905,0.17732399702072144,5388012907
2022-04-01T00:00:00.000000Z,0.17760400474071503,0.22812800109386444,0.17760400474071503,0.18207000195980072,4871072956
2022-04-02T00:00:00.000000Z,0.18243199586868286,0.20639300346374512,0.16539999842643738,0.16555400192737579,3261362911
2022-04-03T00:00:00.000000Z,0.16576200723648071,0.17207500338554382,0.14915099740028381,0.15337499976158142,2239731954
2022-04-04T00:00:00.000000Z,0.1534159928560257,0.16140399873256683,0.1358879953622818,0.14062100648880005,2092195921
2022-04-05T00:00:00.000000Z,0.14076599478721619,0.14271800220012665,0.12444700300693512,0.12446799874305725,1298052855
2022-04-06T00:00:00.000000Z,0.12446200102567673,0.14178800582885742,0.12349200248718262,0.13126300275325775,2467435488
2022-04-07T00:00:00.000000Z,0.13133899867534637,0.1350180059671402,0.12133800238370895,0.13345000147819519,1174705402
2022-04-08T00:00:00.000000Z,0.13351699709892273,0.13621300458908081,0.11956200003623962,0.11990399658679962,827672677
2022-04-09T00:00:00.000000Z,0.11990199983119965,0.12098000198602676,0.11562400311231613,0.1208219975233078,531352618
2022-04-10T00:00:00.000000Z,0.12071800231933594,0.12599200010299683,0.11753299832344055,0.12036199867725372,678840516
2022-04-11T00:00:00.000000Z,0.12027599662542343,0.12962800264358521,0.10964799672365189,0.11005499958992004,1270285337
2022-04-12T00:00:00.000000Z,0.1100580021739006,0.11239899694919586,0.10429300367832184,0.10700599849224091,601345317
2022-04-13T00:00:00.000000Z,0.107014000415802,0.11189600080251694,0.10379800200462341,0.11135199666023254,409821047
2022-04-14T00:00:00.000000Z,0.11132200062274933,0.12634100019931793,0.11001700162887573,0.11454600095748901,1281207033
2022-04-15T00:00:00.000000Z,0.11455400288105011,0.11471299827098846,0.10863900184631348,0.11108700186014175,442239044
2022-04-16T00:00:00.000000Z,0.11105799674987793,0.11288099735975266,0.10920300334692001,0.1108890026807785,262884620
2022-04-17T00:00:00.000000Z,0.1108739972114563,0.11650899797677994,0.10914900153875351,0.10945399850606918,490200927
2022-04-18T00:00:00.000000Z,0.1094600036740303,0.10963000357151031,0.10152900218963623,0.10764600336551666,458969000
2022-04-19T00:00:00.000000Z,0.10764499753713608,0.11357100307941437,0.10762800276279449,0.11156100034713745,640565443
2022-04-20T00:00:00.000000Z,0.11155500262975693,0.12782500684261322,0.11015699803829193,0.12651500105857849,1453502306
2022-04-21T00:00:00.000000Z,0.12647399306297302,0.13476899266242981,0.11396799981594086,0.11538700014352798,1362687368
2022-04-22T00:00:00.000000Z,0.11538100242614746,0.11847999691963196,0.11094299703836441,0.11287499964237213,473333441
2022-04-23T00:00:00.000000Z,0.11287099868059158,0.11304400116205215,0.10864099860191345,0.11083599925041199,315979694
2022-04-24T00:00:00.000000Z,0.11080999672412872,0.11379300057888031,0.10550999641418457,0.1064239963889122,325200795
2022-04-25T00:00:00.000000Z,0.10642799735069275,0.1064319983124733,0.09682600200176239,0.10357499867677689,400519618
2022-04-26T00:00:00.000000Z,0.10355000197887421,0.10520099848508835,0.091026000678539276,0.092207998037338257,371014659
2022-04-27T00:00:00.000000Z,0.092211000621318817,0.096818998456001282,0.091031000018119812,0.093904003500938416,304723004
2022-04-28T00:00:00.000000Z,0.093905001878738403,0.095854997634887695,0.08975200355052948,0.091063998639583588,372891223
2022-04-29T00:00:00.000000Z,0.091054998338222504,0.092436999082565308,0.082454003393650055,0.083452999591827393,357143230
2022-04-30T00:00:00.000000Z,0.083454996347427368,0.08689899742603302,0.071027003228664398,0.071942001581192017,513835739
2022-05-01T00:00:00.000000Z,0.0719589963555336,0.074059002101421356,0.069168999791145325,0.073444999754428864,451374274
2022-05-02T00:00:00.000000Z,0.073440998792648315,0.07439500093460083,0.067561998963356018,0.069903001189231873,274100466
2022-05-03T00:00:00.000000Z,0.069905996322631836,0.071800000965595245,0.066917002201080322,0.067799001932144165,226419856
2022-05-04T00:00:00.000000Z,0.067800998687744141,0.093818001449108124,0.067647002637386322,0.093818001449108124,1093958079
2022-05-05T00:00:00.000000Z,0.093828000128269196,0.097759999334812164,0.076549001038074493,0.07886900007724762,1561508141
2022-05-06T00:00:00.000000Z,0.078860998153686523,0.085010997951030731,0.072085000574588776,0.081525996327400208,613122511429
2022-05-07T00:00:00.000000Z,0.081547997891902924,0.083752997219562531,0.075030997395515442,0.07647000253200531,585788993
2022-05-08T00:00:00.000000Z,0.07647000253200531,0.080205999314785004,0.074011996388435364,0.07709900289773941,444176982
2022-05-09T00:00:00.000000Z,0.07708200067281723,0.079351000487804413,0.063539996743202209,0.063539996743202209,576420629
2022-05-10T00:00:00.000000Z,0.063524000346660614,0.076242998242378235,0.060864999890327454,0.068763002753257751,875518319
2022-05-11T00:00:00.000000Z,0.068737000226974487,0.071492001414299011,0.049646001309156418,0.052777998149394989,971336901
2022-05-12T00:00:00.000000Z,0.052799999713897705,0.055330999195575714,0.040502000600099564,0.045373998582363129,642752158
2022-05-13T00:00:00.000000Z,0.045357998460531235,0.056138999760150909,0.044583000242710114,0.050140999257564545,446112243
2022-05-14T00:00:00.000000Z,0.050140999257564545,0.054248999804258347,0.046493001282215118,0.052434999495744705,262955730
2022-05-15T00:00:00.000000Z,0.052430000156164169,0.054875001311302185,0.048989001661539078,0.054871000349521637,195219382
2022-05-16T00:00:00.000000Z,0.054859999567270279,0.054866001009941101,0.049136999994516373,0.050446998327970505,182279597
2022-05-17T00:00:00.000000Z,0.050453998148441315,0.053525999188423157,0.050354998558759689,0.053038999438285828,196203614
2022-05-18T00:00:00.000000Z,0.053038999438285828,0.054967999458312988,0.048076000064611435,0.048076000064611435,222468885
2022-05-19T00:00:00.000000Z,0.048085000365972519,0.050919998437166214,0.046128999441862106,0.050778999924659729,153932566
2022-05-20T00:00:00.000000Z,0.050778999924659729,0.053500998765230179,0.048888001590967178,0.050726998597383499,240472809
2022-05-21T00:00:00.000000Z,0.05071600154042244,0.052910000085830688,0.049557000398635864,0.051810000091791153,137968163
2022-05-22T00:00:00.000000Z,0.051800001412630081,0.062150999903678894,0.05131400004029274,0.057757001370191574,528710363
2022-05-23T00:00:00.000000Z,0.057746998965740204,0.057760000228881836,0.052069000899791718,0.052664998918771744,276943950
2022-05-24T00:00:00.000000Z,0.05266299843788147,0.053775999695062637,0.049217000603675842,0.05229400098323822,159131210
2022-05-25T00:00:00.000000Z,0.052333999425172806,0.052795998752117157,0.050149999558925629,0.051220998167991638,116104257
2022-05-26T00:00:00.000000Z,0.051238000392913818,0.052375998347997665,0.046004999428987503,0.048310000449419022,218955801
2022-05-27T00:00:00.000000Z,0.048310000449419022,0.049440998584032059,0.045963998883962631,0.046960998326539993,196198325
2022-05-28T00:00:00.000000Z,0.047662999480962753,0.04819900169968605,0.046337001025676727,0.047933001071214676,95726675
2022-05-29T00:00:00.000000Z,0.04792800173163414,0.048615001142024994,0.046884000301361084,0.04855399951338768,90450034
2022-05-30T00:00:00.000000Z,0.048555001616477966,0.055107999593019485,0.04827599972486496,0.055100001394748688,223211761
2022-05-31T00:00:00.000000Z,0.055071000009775162,0.058963000774383545,0.052583001554012299,0.054687000811100006,387267096
2022-06-01T00:00:00.000000Z,0.054708000272512436,0.055686000734567642,0.048891998827457428,0.049926001578569412,230205698
2022-06-02T00:00:00.000000Z,0.04992000013589859,0.052113998681306839,0.049194999039173126,0.051773998886346817,126331879
2022-06-03T00:00:00.000000Z,0.051775999367237091,0.052333001047372818,0.048843998461961746,0.050027001649141312,118433084
2022-06-04T00:00:00.000000Z,0.050030998885631561,0.050446998327970505,0.04894699901342392,0.05021899938583374,70766937
2022-06-05T00:00:00.000000Z,0.050221998244524002,0.050742998719215393,0.049263998866081238,0.04996500164270401,73806088
2022-06-06T00:00:00.000000Z,0.04997599869966507,0.053539998829364777,0.049915999174118042,0.051686998456716537,155198808
2022-06-07T00:00:00.000000Z,0.051690001040697098,0.051702000200748444,0.048388000577688217,0.049697998911142349,130478680
2022-06-08T00:00:00.000000Z,0.049695998430252075,0.050144001841545105,0.048471000045537949,0.049120001494884491,89840904
2022-06-09T00:00:00.000000Z,0.049118999391794205,0.049787998199462891,0.048675000667572021,0.048935998231172562,97424491
2022-06-10T00:00:00.000000Z,0.0489329993724823,0.048996999859809875,0.045239001512527466,0.045646999031305313,98640522
2022-06-11T00:00:00.000000Z,0.045646000653505325,0.046351000666618347,0.040963001549243927,0.041572999209165573,107421667
2022-06-12T00:00:00.000000Z,0.041597001254558563,0.042215999215841293,0.037369001656770706,0.037452001124620438,126011388
2022-06-13T00:00:00.000000Z,0.037436999380588531,0.037477001547813416,0.031366001814603806,0.033401001244783401,201962324
2022-06-14T00:00:00.000000Z,0.033419001847505569,0.035186000168323517,0.030741000548005104,0.034177001565694809,175929413
2022-06-15T00:00:00.000000Z,0.034171000123023987,0.037181999534368515,0.03033900074660778,0.037181999534368515,177731000
2022-06-16T00:00:00.000000Z,0.037195000797510147,0.037673000246286392,0.032163001596927643,0.032402999699115753,146898709
2022-06-17T00:00:00.000000Z,0.032416000962257385,0.034099001437425613,0.032310999929904938,0.033640999346971512,115273966
2022-06-18T00:00:00.000000Z,0.033636000007390976,0.034031998366117477,0.029616000130772591,0.031934000551700592,128461393
2022-06-19T00:00:00.000000Z,0.031929999589920044,0.034405998885631561,0.03063499927520752,0.033964000642299652,135914200
2022-06-20T00:00:00.000000Z,0.033962998539209366,0.034873999655246735,0.032457001507282257,0.034467000514268875,159713640
2022-06-21T00:00:00.000000Z,0.034467000514268875,0.044426001608371735,0.033932000398635864,0.04182799905538559,732175833
2022-06-22T00:00:00.000000Z,0.041843999177217484,0.041910998523235321,0.037829000502824783,0.039073999971151352,353756853
2022-06-23T00:00:00.000000Z,0.039051000028848648,0.041763998568058014,0.038910999894142151,0.041232999414205551,218453795
2022-06-24T00:00:00.000000Z,0.041308000683784485,0.049033999443054199,0.041308000683784485,0.045577999204397202,451674581
2022-06-25T00:00:00.000000Z,0.04558899998664856,0.050613000988960266,0.044895000755786896,0.048709001392126083,359963701
2022-06-26T00:00:00.000000Z,0.048695001751184464,0.050094999372959137,0.045775998383760452,0.045775998383760452,245733500
2022-06-27T00:00:00.000000Z,0.04577299952507019,0.047527998685836792,0.04411499947309494,0.044785000383853912,179205902
2022-06-28T00:00:00.000000Z,0.04477899894118309,0.045212000608444214,0.04114300012588501,0.04148700088262558,173947714
2022-06-29T00:00:00.000000Z,0.041485998779535294,0.04212300106883049,0.038750000298023224,0.039625000208616257,174005288
2022-06-30T00:00:00.000000Z,0.039641000330448151,0.039778001606464386,0.035307999700307846,0.038607001304626465,161590263
2022-07-01T00:00:00.000000Z,0.038651000708341599,0.041305001825094223,0.037356000393629074,0.040702998638153076,323154544
2022-07-02T00:00:00.000000Z,0.040720000863075256,0.040789000689983368,0.038346000015735626,0.038924999535083771,152947036
2022-07-03T00:00:00.000000Z,0.038927000015974045,0.039152000099420547,0.037861999124288559,0.03868899866938591,116398175
2022-07-04T00:00:00.000000Z,0.038686998188495636,0.039955001324415207,0.037436999380588531,0.039926998317241669,166381453
2022-07-05T00:00:00.000000Z,0.039910998195409775,0.040885001420974731,0.037608999758958817,0.039110001176595688,215336157
2022-07-06T00:00:00.000000Z,0.039119001477956772,0.0398080013692379,0.03867800161242485,0.039528001099824905,157960168
2022-07-07T00:00:00.000000Z,0.039530001580715179,0.041533999145030975,0.038894999772310257,0.041122999042272568,181527166
2022-07-08T00:00:00.000000Z,0.041120998561382294,0.041843999177217484,0.039126001298427582,0.039948001503944397,222518293
2022-07-09T00:00:00.000000Z,0.039955001324415207,0.041404001414775848,0.039921998977661133,0.040736999362707138,151527455
2022-07-10T00:00:00.000000Z,0.040736999362707138,0.040738001465797424,0.039037998765707016,0.039276000112295151,129429964
2022-07-11T00:00:00.000000Z,0.039273001253604889,0.039273001253604889,0.036671001464128494,0.036818001419305801,139757559
2022-07-12T00:00:00.000000Z,0.036823999136686325,0.03766300156712532,0.036288999021053314,0.036327999085187912,158004733
2022-07-13T00:00:00.000000Z,0.03632500022649765,0.037317000329494476,0.034869000315666199,0.037124000489711761,202877163
2022-07-14T00:00:00.000000Z,0.037131998687982559,0.03799000009894371,0.036038998514413834,0.037946999073028564,167246367
2022-07-15T00:00:00.000000Z,0.037948999553918839,0.038651000708341599,0.0375869981944561,0.037997998297214508,156469499
2022-07-16T00:00:00.000000Z,0.03801799938082695,0.039060000330209732,0.037324998527765274,0.038848001509904861,118733359
2022-07-17T00:00:00.000000Z,0.038855999708175659,0.039335001260042191,0.037948001176118851,0.03832399845123291,130244032
2022-07-18T00:00:00.000000Z,0.038327999413013458,0.04106299951672554,0.038196001201868057,0.040894001722335815,224004647
2022-07-19T00:00:00.000000Z,0.040867999196052551,0.044557999819517136,0.039618000388145447,0.043962001800537109,386020933
2022-07-20T00:00:00.000000Z,0.043963000178337097,0.047185998409986496,0.040924001485109329,0.040947999805212021,358701739
2022-07-21T00:00:00.000000Z,0.040947999805212021,0.041769001632928848,0.039383001625537872,0.041597001254558563,182633125
2022-07-22T00:00:00.000000Z,0.041595000773668289,0.042475998401641846,0.039804998785257339,0.040072001516819,177813217
2022-07-23T00:00:00.000000Z,0.040052998811006546,0.0407399982213974,0.03903299942612648,0.040144998580217361,139742866
2022-07-24T00:00:00.000000Z,0.040144000202417374,0.040738999843597412,0.039845999330282211,0.039926998317241669,118926931
2022-07-25T00:00:00.000000Z,0.039928998798131943,0.040045998990535736,0.037533998489379883,0.037533998489379883,157138408
2022-07-26T00:00:00.000000Z,0.037530001252889633,0.037530001252889633,0.036035001277923584,0.037213001400232315,122783355
2022-07-27T00:00:00.000000Z,0.037216998636722565,0.040203999727964401,0.03674900159239769,0.040203999727964401,159460387
2022-07-28T00:00:00.000000Z,0.040203001350164413,0.043078001588582993,0.039565000683069229,0.04245699942111969,296063926
2022-07-29T00:00:00.000000Z,0.04245699942111969,0.043480999767780304,0.041230998933315277,0.042366001754999161,290889871
2022-07-30T00:00:00.000000Z,0.042358998209238052,0.044624999165534973,0.041862998157739639,0.042054001241922379,292637486
2022-07-31T00:00:00.000000Z,0.042052999138832092,0.045235000550746918,0.041983999311923981,0.042555999010801315,281156080
2022-08-01T00:00:00.000000Z,0.042555999010801315,0.044821001589298248,0.041937001049518585,0.042764998972415924,250756809
2022-08-02T00:00:00.000000Z,0.042757999151945114,0.04320799931883812,0.04067699983716011,0.041763998568058014,215853035
2022-08-03T00:00:00.000000Z,0.041767999529838562,0.042677000164985657,0.040495999157428741,0.041632998734712601,176411866
2022-08-04T00:00:00.000000Z,0.041632998734712601,0.042994998395442963,0.041533999145030975,0.042870000004768372,202804385
2022-08-05T00:00:00.000000Z,0.042840000241994858,0.045317001640796661,0.042624000459909439,0.045297000557184219,210828049
2022-08-06T00:00:00.000000Z,0.045299001038074493,0.049063000828027725,0.045299001038074493,0.045961998403072357,372799377
2022-08-07T00:00:00.000000Z,0.045967999845743179,0.046039000153541565,0.044861998409032822,0.045363999903202057,152562250
2022-08-08T00:00:00.000000Z,0.045373000204563141,0.046737998723983765,0.045154999941587448,0.045568998903036118,169247786
2022-08-09T00:00:00.000000Z,0.04557500034570694,0.045963998883962631,0.042537998408079147,0.043147001415491104,175434699
2022-08-10T00:00:00.000000Z,0.04314500093460083,0.045515000820159912,0.041978001594543457,0.045363999903202057,182918798
2022-08-11T00:00:00.000000Z,0.045363001525402069,0.048315998166799545,0.045363001525402069,0.045977998524904251,290380817
2022-08-12T00:00:00.000000Z,0.045965999364852905,0.047991998493671417,0.04548100009560585,0.047540999948978424,207435162
2022-08-13T00:00:00.000000Z,0.047529999166727066,0.048337999731302261,0.047021999955177307,0.047180000692605972,150994800
2022-08-14T00:00:00.000000Z,0.047187000513076782,0.048239998519420624,0.045853998512029648,0.046619001775979996,183243179
2022-08-15T00:00:00.000000Z,0.046622000634670258,0.048838000744581223,0.045131999999284744,0.045834001153707504,237344456
2022-08-16T00:00:00.000000Z,0.04581499844789505,0.045977000147104263,0.044851001352071762,0.045184999704360962,137417036
2022-08-17T00:00:00.000000Z,0.0451509989798069,0.046447999775409698,0.042617999017238617,0.042959999293088913,178174131
2022-08-18T00:00:00.000000Z,0.042987998574972153,0.04387500137090683,0.041538998484611511,0.041554000228643417,130153560
2022-08-19T00:00:00.000000Z,0.041558999568223953,0.042013000696897507,0.036697998642921448,0.036956001073122025,206660357
2022-08-20T00:00:00.000000Z,0.036951001733541489,0.038235999643802643,0.036334000527858734,0.037301000207662582,111863749
2022-08-21T00:00:00.000000Z,0.037294000387191772,0.038237001746892929,0.037004999816417694,0.03770500048995018,98649911
2022-08-22T00:00:00.000000Z,0.037703000009059906,0.037709999829530716,0.035918999463319778,0.037129998207092285,144304134
2022-08-23T00:00:00.000000Z,0.037138000130653381,0.038088999688625336,0.036143999546766281,0.038026001304388046,135709424
2022-08-24T00:00:00.000000Z,0.038017001003026962,0.041264001280069351,0.036919999867677689,0.03867800161242485,242804517
2022-08-25T00:00:00.000000Z,0.038679998368024826,0.040968999266624451,0.038679998368024826,0.03972499817609787,174638104
2022-08-26T00:00:00.000000Z,0.039719998836517334,0.039719998836517334,0.035661999136209488,0.035884998738765717,189596811
2022-08-27T00:00:00.000000Z,0.035881001502275467,0.036910999566316605,0.035608001053333282,0.036614000797271729,113414327
2022-08-28T00:00:00.000000Z,0.036614000797271729,0.037000000476837158,0.03535199910402298,0.03535199910402298,86382038
2022-08-29T00:00:00.000000Z,0.035353001207113266,0.037078998982906342,0.035068001598119736,0.03706900030374527,104149102
2022-08-30T00:00:00.000000Z,0.037069998681545258,0.037427999079227448,0.035277001559734344,0.036079999059438705,107723253
2022-08-31T00:00:00.000000Z,0.036083001643419266,0.036935999989509583,0.036060001701116562,0.036198999732732773,100648998
2022-09-01T00:00:00.000000Z,0.036196000874042511,0.036364000290632248,0.034880001097917557,0.036364000290632248,93729686
2022-09-02T00:00:00.000000Z,0.036364000290632248,0.036796998232603073,0.035363998264074326,0.035743001848459244,86483577
2022-09-03T00:00:00.000000Z,0.035744000226259232,0.035898998379707336,0.035363998264074326,0.03565799817442894,46434392
2022-09-04T00:00:00.000000Z,0.035663999617099762,0.036479000002145767,0.035620998591184616,0.036479000002145767,52849221
2022-09-05T00:00:00.000000Z,0.036485001444816589,0.036653000861406326,0.035401999950408936,0.03629700094461441,72999570
2022-09-06T00:00:00.000000Z,0.03630099818110466,0.036947999149560928,0.033502999693155289,0.033824000507593155,118079720
2022-09-07T00:00:00.000000Z,0.033817999064922333,0.03499700129032135,0.033169001340866089,0.034804001450538635,108085304
2022-09-08T00:00:00.000000Z,0.034798000007867813,0.035482998937368393,0.034065000712871552,0.035404998809099197,145536840
2022-09-09T00:00:00.000000Z,0.035406000912189484,0.037480998784303665,0.035392001271247864,0.037181001156568527,159305409
2022-09-10T00:00:00.000000Z,0.037174999713897705,0.038120001554489136,0.036667000502347946,0.037560001015663147,170636320
2022-09-11T00:00:00.000000Z,0.037560999393463135,0.037677999585866928,0.036426998674869537,0.037390001118183136,107903573
2022-09-12T00:00:00.000000Z,0.03739599883556366,0.038221001625061035,0.036846000701189041,0.037542000412940979,161057400
2022-09-13T00:00:00.000000Z,0.037548001855611801,0.0379519984126091,0.034210998564958572,0.034676000475883484,117672347
2022-09-14T00:00:00.000000Z,0.034380998462438583,0.035105999559164047,0.034180998802185059,0.034954000264406204,59656283
2022-09-15T00:00:00.000000Z,0.034954000264406204,0.034954000264406204,0.033463001251220703,0.033546999096870422,56575704
2022-09-16T00:00:00.000000Z,0.033553998917341232,0.034134998917579651,0.033357001841068268,0.033844999969005585,41016568
2022-09-17T00:00:00.000000Z,0.033851999789476395,0.034894999116659164,0.033851999789476395,0.034894999116659164,30610865
2022-09-18T00:00:00.000000Z,0.034894999116659164,0.034894999116659164,0.031523000448942184,0.031562000513076782,52011732
2022-09-19T00:00:00.000000Z,0.031562000513076782,0.032653998583555222,0.030828999355435371,0.032395001500844955,54396046
2022-09-20T00:00:00.000000Z,0.032393001019954681,0.032542001456022263,0.031537998467683792,0.031849000602960587,42703343
2022-09-21T00:00:00.000000Z,0.031846001744270325,0.0335719995200634,0.03087799996137619,0.031259000301361084,68341434
2022-09-22T00:00:00.000000Z,0.031237000599503517,0.033424001187086105,0.031042000278830528,0.033163998275995255,64644023
2022-09-23T00:00:00.000000Z,0.033162001520395279,0.03365200012922287,0.032118998467922211,0.032967999577522278,61684455
2022-09-24T00:00:00.000000Z,0.032965000718832016,0.033224001526832581,0.032180000096559525,0.03225100040435791,32400780
2022-09-25T00:00:00.000000Z,0.032249998301267624,0.032655000686645508,0.031275998800992966,0.031663000583648682,31609119
2022-09-26T00:00:00.000000Z,0.031670998781919479,0.031968001276254654,0.030867999419569969,0.031883999705314636,47128961
2022-09-27T00:00:00.000000Z,0.031847000122070312,0.03286999836564064,0.030942000448703766,0.031433001160621643,52826424
2022-09-28T00:00:00.000000Z,0.031422000378370285,0.031693998724222183,0.030433999374508858,0.031355001032352448,41553620
2022-09-29T00:00:00.000000Z,0.031355999410152435,0.03155200183391571,0.030652999877929688,0.031440000981092453,37476999
2022-09-30T00:00:00.000000Z,0.031440000981092453,0.031752999871969223,0.030954999849200249,0.03121500089764595,34806087
2022-10-01T00:00:00.000000Z,0.03121500089764595,0.031319998204708099,0.030997000634670258,0.031217999756336212,19802586
2022-10-02T00:00:00.000000Z,0.031218999996781349,0.031406998634338379,0.03040199913084507,0.030503999441862106,27715324
2022-10-03T00:00:00.000000Z,0.030502000823616982,0.031624000519514084,0.030291000381112099,0.031518001109361649,36989856
2022-10-04T00:00:00.000000Z,0.031518999487161636,0.032053001224994659,0.031182000413537025,0.031876001507043839,40055560
2022-10-05T00:00:00.000000Z,0.031881000846624374,0.031897999346256256,0.030920000746846199,0.031536001712083817,33095889
2022-10-06T00:00:00.000000Z,0.031534001231193542,0.03195900097489357,0.031068999320268631,0.031199999153614044,38520287
2022-10-07T00:00:00.000000Z,0.031200999394059181,0.031858000904321671,0.030873000621795654,0.031766001135110855,38820119
2022-10-08T00:00:00.000000Z,0.031762000173330307,0.03190699964761734,0.031481001526117325,0.031677000224590302,30350831
2022-10-09T00:00:00.000000Z,0.031677998602390289,0.032800000160932541,0.03154199942946434,0.032620001584291458,56882007
2022-10-10T00:00:00.000000Z,0.032620001584291458,0.03266499936580658,0.031013000756502151,0.031013000756502151,43664938
2022-10-11T00:00:00.000000Z,0.031004000455141068,0.031034000217914581,0.030195999890565872,0.030689999461174011,43206434
2022-10-12T00:00:00.000000Z,0.030690999701619148,0.030880000442266464,0.030443999916315079,0.030500000342726707,20449875
2022-10-13T00:00:00.000000Z,0.03049900010228157,0.030573999509215355,0.028030000627040863,0.030357999727129936,62974447
2022-10-14T00:00:00.000000Z,0.030357999727129936,0.03127099946141243,0.02980400063097477,0.030112000182271004,40113848
2022-10-15T00:00:00.000000Z,0.03010999970138073,0.030479999259114265,0.02997099980711937,0.030169999226927757,20492525
2022-10-16T00:00:00.000000Z,0.030166000127792358,0.030830999836325645,0.030166000127792358,0.030641000717878342,21635671
2022-10-17T00:00:00.000000Z,0.030641000717878342,0.031408000737428665,0.030332999303936958,0.031330998986959457,30842010
2022-10-18T00:00:00.000000Z,0.031332001090049744,0.03426399827003479,0.030668999999761581,0.031401000916957855,201327521
2022-10-19T00:00:00.000000Z,0.031360000371932983,0.031428001821041107,0.029480999335646629,0.02951199933886528,74469904
2022-10-20T00:00:00.000000Z,0.029509000480175018,0.029965000227093697,0.028891000896692276,0.029118999838829041,50847269
2022-10-21T00:00:00.000000Z,0.029116999357938766,0.029401000589132309,0.028286000713706017,0.029278999194502831,46876125
2022-10-22T00:00:00.000000Z,0.029276000335812569,0.029444999992847443,0.029005000367760658,0.029247000813484192,26092641
2022-10-23T00:00:00.000000Z,0.029248999431729317,0.029650000855326653,0.028591999784111977,0.029551999643445015,30250562
2022-10-24T00:00:00.000000Z,0.029547000303864479,0.029653999954462051,0.02869500033557415,0.028914999216794968,31838649
2022-10-25T00:00:00.000000Z,0.028917999938130379,0.030277000740170479,0.02884799987077713,0.029711000621318817,43477675
2022-10-26T00:00:00.000000Z,0.029704999178647995,0.03047499991953373,0.029670000076293945,0.030270000919699669,45603180
2022-10-27T00:00:00.000000Z,0.030275000259280205,0.03113199956715107,0.029649000614881516,0.029789999127388,53865993
2022-10-28T00:00:00.000000Z,0.029789999127388,0.030632000416517258,0.029560999944806099,0.030407000333070755,36651650
2022-10-29T00:00:00.000000Z,0.030407000333070755,0.031463999301195145,0.030393999069929123,0.030835000798106194,71042937
2022-10-30T00:00:00.000000Z,0.030835000798106194,0.032453000545501709,0.030596999451518059,0.030998999252915382,119451272
2022-10-31T00:00:00.000000Z,0.031083999201655388,0.03192099928855896,0.030598999932408333,0.031052999198436737,81014957
2022-11-01T00:00:00.000000Z,0.031051000580191612,0.031350001692771912,0.030502000823616982,0.030632000416517258,43717111
2022-11-02T00:00:00.000000Z,0.03062799945473671,0.030633000656962395,0.029277000576257706,0.029632000252604485,47419067
2022-11-03T00:00:00.000000Z,0.029634000733494759,0.030942000448703766,0.029512999579310417,0.030406000092625618,51877726
2022-11-04T00:00:00.000000Z,0.030408000573515892,0.033463001251220703,0.030314000323414803,0.032990001142024994,123174989
2022-11-05T00:00:00.000000Z,0.032990001142024994,0.033913001418113708,0.032187998294830322,0.032350998371839523,88378419
2022-11-06T00:00:00.000000Z,0.03235900029540062,0.03356499969959259,0.031408000737428665,0.031412001699209213,89389582
2022-11-07T00:00:00.000000Z,0.031408000737428665,0.032469999045133591,0.03085700049996376,0.032065998762845993,71032082
2022-11-08T00:00:00.000000Z,0.032063998281955719,0.032267000526189804,0.024747999384999275,0.026580000296235085,122435435
2022-11-09T00:00:00.000000Z,0.026582999154925346,0.026705000549554825,0.019888000562787056,0.020468000322580338,105803046
2022-11-10T00:00:00.000000Z,0.020464999601244926,0.024799000471830368,0.020251000300049782,0.024150999262928963,80774958
2022-11-11T00:00:00.000000Z,0.024148000404238701,0.024369999766349792,0.021933000534772873,0.022631999105215073,53210703
2022-11-12T00:00:00.000000Z,0.022637000307440758,0.022727999836206436,0.021382000297307968,0.021446000784635544,31771474
2022-11-13T00:00:00.000000Z,0.021448999643325806,0.022010000422596931,0.020476000383496284,0.020827999338507652,57417689
2022-11-14T00:00:00.000000Z,0.020826999098062515,0.021322999149560928,0.019438000395894051,0.021006999537348747,52934042
2022-11-15T00:00:00.000000Z,0.02101299911737442,0.022288000211119652,0.0208320003002882,0.02171500027179718,36128276
2022-11-16T00:00:00.000000Z,0.021714000031352043,0.022089000791311264,0.020966999232769012,0.021407999098300934,29456015
2022-11-17T00:00:00.000000Z,0.021407000720500946,0.021647000685334206,0.02096099965274334,0.021266000345349312,29432308
2022-11-18T00:00:00.000000Z,0.021263999864459038,0.021669000387191772,0.021118000149726868,0.021415000781416893,21872444
2022-11-19T00:00:00.000000Z,0.021409999579191208,0.023040000349283218,0.021378999575972557,0.022445999085903168,74247002
2022-11-20T00:00:00.000000Z,0.022446999326348305,0.023383999243378639,0.021028999239206314,0.021028999239206314,61368926
2022-11-21T00:00:00.000000Z,0.021027000620961189,0.021293999627232552,0.02044299989938736,0.021004000678658485,37342519
2022-11-22T00:00:00.000000Z,0.020999999716877937,0.021707000210881233,0.020492000505328178,0.021683000028133392,30721582
2022-11-23T00:00:00.000000Z,0.021687999367713928,0.022599000483751297,0.021681999787688255,0.022594999521970749,37707362
2022-11-24T00:00:00.000000Z,0.022602999582886696,0.024305999279022217,0.022602999582886696,0.023298999294638634,79961839
2022-11-25T00:00:00.000000Z,0.023298000916838646,0.023298000916838646,0.022582000121474266,0.022800000384449959,23155040
2022-11-26T00:00:00.000000Z,0.022797999903559685,0.023194000124931335,0.02237199991941452,0.022501999512314796,19673682
2022-11-27T00:00:00.000000Z,0.022500000894069672,0.023404000326991081,0.022433999925851822,0.022717999294400215,32117731
2022-11-28T00:00:00.000000Z,0.02271600067615509,0.023084999993443489,0.021499000489711761,0.021973000839352608,29537941
2022-11-29T00:00:00.000000Z,0.021973000839352608,0.022337999194860458,0.021748000755906105,0.022004000842571259,17266125
2022-11-30T00:00:00.000000Z,0.022012000903487206,0.022941999137401581,0.021972000598907471,0.022904999554157257,24107552
2022-12-01T00:00:00.000000Z,0.022902000695466995,0.023075999692082405,0.022546000778675079,0.02270900085568428,24079623
2022-12-02T00:00:00.000000Z,0.022708000615239143,0.023140000179409981,0.022541999816894531,0.023140000179409981,19267842
2022-12-03T00:00:00.000000Z,0.023142000660300255,0.02322000078856945,0.022585999220609665,0.022645000368356705,14242749
2022-12-04T00:00:00.000000Z,0.022639000788331032,0.022918999195098877,0.022622000426054001,0.022895000874996185,12239818
2022-12-05T00:00:00.000000Z,0.0228899996727705,0.023398999124765396,0.022587999701499939,0.022637000307440758,18360462
2022-12-06T00:00:00.000000Z,0.022631999105215073,0.02283100038766861,0.022281000390648842,0.022514000535011292,20316023
2022-12-07T00:00:00.000000Z,0.022520000115036964,0.022564999759197235,0.021432999521493912,0.021802999079227448,18641669
2022-12-08T00:00:00.000000Z,0.021802999079227448,0.022314000874757767,0.02150999940931797,0.022262999787926674,16114902
2022-12-09T00:00:00.000000Z,0.022264000028371811,0.022467000409960747,0.022005999460816383,0.022236999124288559,13955423
2022-12-10T00:00:00.000000Z,0.022236999124288559,0.022501999512314796,0.022221000865101814,0.022477999329566956,11463665
2022-12-11T00:00:00.000000Z,0.022478999570012093,0.022628000006079674,0.021980000659823418,0.022014999762177467,14452021
2022-12-12T00:00:00.000000Z,0.022010000422596931,0.02210799977183342,0.021477000787854195,0.021766999736428261,16838024
2022-12-13T00:00:00.000000Z,0.021765999495983124,0.022329000756144524,0.02098499983549118,0.022223999723792076,25682550
2022-12-14T00:00:00.000000Z,0.022224999964237213,0.022338999435305595,0.021619999781250954,0.021789999678730965,17693755
2022-12-15T00:00:00.000000Z,0.021788999438285828,0.021821999922394753,0.02107200026512146,0.02111399918794632,16100968
2022-12-16T00:00:00.000000Z,0.021115999668836594,0.02123899944126606,0.018851000815629959,0.018959000706672668,24173892
2022-12-17T00:00:00.000000Z,0.018958000466227531,0.019144000485539436,0.018425999209284782,0.019047999754548073,19948548
2022-12-18T00:00:00.000000Z,0.019047999754548073,0.019053999334573746,0.0186110008507967,0.018637999892234802,11780705
2022-12-19T00:00:00.000000Z,0.018639000132679939,0.018781000748276711,0.01717899926006794,0.017355000600218773,18194583
2022-12-20T00:00:00.000000Z,0.017355000600218773,0.018118999898433685,0.017355000600218773,0.018066000193357468,16727935
2022-12-21T00:00:00.000000Z,0.01806199923157692,0.018076999112963676,0.017610000446438789,0.017847999930381775,12996455
2022-12-22T00:00:00.000000Z,0.017849000170826912,0.018138999119400978,0.017657000571489334,0.018125999718904495,15463494
2022-12-23T00:00:00.000000Z,0.018123999238014221,0.018219999969005585,0.017989000305533409,0.018131999298930168,13131871
2022-12-24T00:00:00.000000Z,0.018132999539375305,0.01819399930536747,0.017905000597238541,0.01795399934053421,10788389
2022-12-25T00:00:00.000000Z,0.01795399934053421,0.018005000427365303,0.017395000904798508,0.017599999904632568,14209901
2022-12-26T00:00:00.000000Z,0.017599999904632568,0.017692999914288521,0.017217999324202538,0.01764800027012825,19775456
2022-12-27T00:00:00.000000Z,0.017647000029683113,0.017706999555230141,0.016940999776124954,0.017191000282764435,14374733
2022-12-28T00:00:00.000000Z,0.017191000282764435,0.017257999628782272,0.016309000551700592,0.016326999291777611,16144154
2022-12-29T00:00:00.000000Z,0.016326999291777611,0.016416000202298164,0.015636000782251358,0.016002999618649483,15359653
2022-12-30T00:00:00.000000Z,0.016002999618649483,0.016026999801397324,0.015412000007927418,0.0158890001475811,14832642
2022-12-31T00:00:00.000000Z,0.015897000208497047,0.016095999628305435,0.01578499935567379,0.015835000202059746,13114124
2023-01-01T00:00:00.000000Z,0.015833999961614609,0.016332000494003296,0.015715999528765678,0.016266999766230583,14596843
2023-01-02T00:00:00.000000Z,0.016266999766230583,0.01675800047814846,0.01601799950003624,0.016604999080300331,18964788
2023-01-03T00:00:00.000000Z,0.016604999080300331,0.016798999160528183,0.016450000926852226,0.016595000401139259,15028905
2023-01-04T00:00:00.000000Z,0.016594000160694122,0.017090000212192535,0.016568999737501144,0.016883000731468201,17558876
2023-01-05T00:00:00.000000Z,0.016882000491023064,0.017029000446200371,0.016674000769853592,0.016961000859737396,17386471
2023-01-06T00:00:00.000000Z,0.016960000619292259,0.0175819993019104,0.016572000458836555,0.017480000853538513,17208259
2023-01-07T00:00:00.000000Z,0.017480000853538513,0.017651999369263649,0.017237000167369843,0.017542999237775803,13080437
2023-01-08T00:00:00.000000Z,0.017542999237775803,0.021966999396681786,0.017339000478386879,0.021896999329328537,110867212
2023-01-09T00:00:00.000000Z,0.021880999207496643,0.027138000354170799,0.021383000537753105,0.023603999987244606,466714415
2023-01-10T00:00:00.000000Z,0.023593999445438385,0.025325000286102295,0.023593999445438385,0.023987000808119774,176226891
2023-01-11T00:00:00.000000Z,0.023989999666810036,0.024013999849557877,0.022421000525355339,0.023212000727653503,68868314
2023-01-12T00:00:00.000000Z,0.023858999833464622,0.024207999929785728,0.022660000249743462,0.023973999544978142,94726652
2023-01-13T00:00:00.000000Z,0.023976000025868416,0.026784999296069145,0.023938000202178955,0.025931000709533691,138475722
2023-01-14T00:00:00.000000Z,0.025925999507308006,0.028192000463604927,0.025375999510288239,0.026502000167965889,150963836
2023-01-15T00:00:00.000000Z,0.026506999507546425,0.026528000831604004,0.02505899965763092,0.02586200088262558,68801409
2023-01-16T00:00:00.000000Z,0.025863999500870705,0.030509000644087791,0.025747999548912048,0.02732899971306324,201587308
2023-01-17T00:00:00.000000Z,0.027327999472618103,0.028348000720143318,0.026774000376462936,0.027317000553011894,82056962
2023-01-18T00:00:00.000000Z,0.027317000553011894,0.027504999190568924,0.024609999731183052,0.024826999753713608,73207093
2023-01-19T00:00:00.000000Z,0.024823000654578209,0.025535000488162041,0.024645000696182251,0.025427000597119331,33739760
2023-01-20T00:00:00.000000Z,0.025426000356674194,0.027695000171661377,0.024970000609755516,0.027638999745249748,48489410
2023-01-21T00:00:00.000000Z,0.027642000466585159,0.028396999463438988,0.026821000501513481,0.026828000321984291,74371217
2023-01-22T00:00:00.000000Z,0.026830000802874565,0.027921000495553017,0.026348000392317772,0.026923000812530518,49752300
2023-01-23T00:00:00.000000Z,0.026923999190330505,0.02863599918782711,0.026917999610304832,0.028381999582052231,88812010
2023-01-24T00:00:00.000000Z,0.028382999822497368,0.029912000522017479,0.0267379991710186,0.026993999257683754,99109899
2023-01-25T00:00:00.000000Z,0.026999000459909439,0.029015000909566879,0.026529999449849129,0.02797899954020977,87875299
2023-01-26T00:00:00.000000Z,0.02797199971973896,0.028481999412178993,0.027319999411702156,0.027806999161839485,51028854
2023-01-27T00:00:00.000000Z,0.027813000604510307,0.029487999156117439,0.027288999408483505,0.029188999906182289,96854707
2023-01-28T00:00:00.000000Z,0.029191000387072563,0.030897000804543495,0.028900999575853348,0.029109999537467957,121804863
2023-01-29T00:00:00.000000Z,0.02910899929702282,0.029648000374436378,0.028815999627113342,0.029541000723838806,44574265
2023-01-30T00:00:00.000000Z,0.029541000723838806,0.029621999710798264,0.026345999911427498,0.026695000007748604,58120704
2023-01-31T00:00:00.000000Z,0.02665100060403347,0.027265999466180801,0.026336999610066414,0.026953000575304031,34125216
2023-02-01T00:00:00.000000Z,0.026952000334858894,0.028411999344825745,0.026379000395536423,0.028175000101327896,86667469
2023-02-02T00:00:00.000000Z,0.028170999139547348,0.029673999175429344,0.028132999315857887,0.028201000764966011,58301630
2023-02-03T00:00:00.000000Z,0.028199000284075737,0.02973799966275692,0.028199000284075737,0.02973799966275692,55747080
2023-02-04T00:00:00.000000Z,0.02974499948322773,0.031824998557567596,0.02913999930024147,0.029901999980211258,119700386
2023-02-05T00:00:00.000000Z,0.029899999499320984,0.030561000108718872,0.027936000376939774,0.028773000463843346,75373042
2023-02-06T00:00:00.000000Z,0.028779000043869019,0.029742000624537468,0.028341000899672508,0.029572999104857445,55496940
2023-02-07T00:00:00.000000Z,0.029566999524831772,0.030897999182343483,0.028903000056743622,0.030846999958157539,76072472
2023-02-08T00:00:00.000000Z,0.030853999778628349,0.031116999685764313,0.029391000047326088,0.030640000477433205,76621631
2023-02-09T00:00:00.000000Z,0.030594000592827797,0.030875999480485916,0.026812000200152397,0.027022000402212143,77245093
2023-02-10T00:00:00.000000Z,0.02703000046312809,0.028155999258160591,0.026900000870227814,0.027808999642729759,49371700
2023-02-11T00:00:00.000000Z,0.02781200036406517,0.028349999338388443,0.027542000636458397,0.028348000720143318,24951370
2023-02-12T00:00:00.000000Z,0.028338000178337097,0.030673999339342117,0.027915999293327332,0.029155999422073364,82990288
2023-02-13T00:00:00.000000Z,0.029154000803828239,0.032448999583721161,0.027820000424981117,0.029244000092148781,289144584
2023-02-14T00:00:00.000000Z,0.029236000031232834,0.029667999595403671,0.028051000088453293,0.029570000246167183,88610066
2023-02-15T00:00:00.000000Z,0.029565999284386635,0.031870000064373016,0.028937999159097672,0.03147599846124649,77823597
2023-02-16T00:00:00.000000Z,0.03147599846124649,0.032306000590324402,0.029474999755620956,0.029492000117897987,91159508
2023-02-17T00:00:00.000000Z,0.029481999576091766,0.032354000955820084,0.029466999694705009,0.031909000128507614,79414351
2023-02-18T00:00:00.000000Z,0.031902998685836792,0.034338001161813736,0.031902998685836792,0.032687999308109283,112424922
2023-02-19T00:00:00.000000Z,0.032683998346328735,0.033031001687049866,0.031528998166322708,0.032225001603364944,69240973
2023-02-20T00:00:00.000000Z,0.03221600130200386,0.035385999828577042,0.031470999121665955,0.034219000488519669,124011080
2023-02-21T00:00:00.000000Z,0.034224998205900192,0.036277998238801956,0.032363001257181168,0.034717999398708344,217962100
2023-02-22T00:00:00.000000Z,0.034722000360488892,0.035854000598192215,0.032903000712394714,0.035312999039888382,187436223
2023-02-23T00:00:00.000000Z,0.035312000662088394,0.036667000502347946,0.03473300114274025,0.035422001034021378,114752385
2023-02-24T00:00:00.000000Z,0.035418998450040817,0.035500999540090561,0.032715000212192535,0.033518001437187195,71905441
2023-02-25T00:00:00.000000Z,0.033523999154567719,0.033523999154567719,0.030880000442266464,0.031902998685836792,47787361
2023-02-26T00:00:00.000000Z,0.031904999166727066,0.033008001744747162,0.031555000692605972,0.032818000763654709,35271543
2023-02-27T00:00:00.000000Z,0.032820001244544983,0.032953999936580658,0.031769998371601105,0.032423000782728195,37882063
2023-02-28T00:00:00.000000Z,0.032425999641418457,0.032526999711990356,0.031130999326705933,0.03123600035905838,30537618
2023-03-01T00:00:00.000000Z,0.031230999156832695,0.032157998532056808,0.031046999618411064,0.032092999666929245,28773989
2023-03-02T00:00:00.000000Z,0.032092999666929245,0.032255999743938446,0.030294999480247498,0.030762000009417534,34367838
2023-03-03T00:00:00.000000Z,0.030765999108552933,0.030865000560879707,0.027761999517679214,0.028488000854849815,50977698
2023-03-04T00:00:00.000000Z,0.028488000854849815,0.028541000559926033,0.026816999539732933,0.027378000319004059,32126408
2023-03-05T00:00:00.000000Z,0.027380000799894333,0.028185000643134117,0.027215000241994858,0.027619000524282455,22533926
2023-03-06T00:00:00.000000Z,0.027618000283837318,0.027619000524282455,0.026538999751210213,0.027504000812768936,32758221
2023-03-07T00:00:00.000000Z,0.027497999370098114,0.027785999700427055,0.026010999456048012,0.026636000722646713,33161499
2023-03-08T00:00:00.000000Z,0.026635000482201576,0.026751000434160233,0.024362999945878983,0.024475999176502228,36334991
2023-03-09T00:00:00.000000Z,0.024476999416947365,0.02506599947810173,0.022339999675750732,0.022572999820113182,38865665
2023-03-10T00:00:00.000000Z,0.022575000301003456,0.023081999272108078,0.021510999649763107,0.023011000826954842,42869953
2023-03-11T00:00:00.000000Z,0.023011000826954842,0.023468000814318657,0.021849999204277992,0.022662999108433723,38661377
2023-03-12T00:00:00.000000Z,0.022661000490188599,0.02456199936568737,0.02232700027525425,0.024539999663829803,31662239
2023-03-13T00:00:00.000000Z,0.024544000625610352,0.026600999757647514,0.023842999711632729,0.026250999420881271,54016826
2023-03-14T00:00:00.000000Z,0.026252999901771545,0.029159000143408775,0.02602200023829937,0.028220999985933304,77509732
2023-03-15T00:00:00.000000Z,0.028222000226378441,0.029572999104857445,0.026291999965906143,0.026816999539732933,85837145
2023-03-16T00:00:00.000000Z,0.026827000081539154,0.027408000081777573,0.026362000033259392,0.027370000258088112,41488954
2023-03-17T00:00:00.000000Z,0.027370000258088112,0.029307000339031219,0.027054000645875931,0.029301000759005547,44103685
2023-03-18T00:00:00.000000Z,0.029301000759005547,0.029777999967336655,0.028219999745488167,0.028333000838756561,48468795
2023-03-19T00:00:00.000000Z,0.028333000838756561,0.029808999970555305,0.028320999816060066,0.029424000531435013,41123535
2023-03-20T00:00:00.000000Z,0.029424000531435013,0.029772000387310982,0.027635000646114349,0.027689000591635704,48458009
2023-03-21T00:00:00.000000Z,0.027689000591635704,0.02878900058567524,0.027006000280380249,0.028777999803423882,44892219
2023-03-22T00:00:00.000000Z,0.028775999322533607,0.028779000043869019,0.026325000450015068,0.027186999097466469,37733278
2023-03-23T00:00:00.000000Z,0.027185000479221344,0.02870899997651577,0.026944000273942947,0.02859799936413765,30308045
2023-03-24T00:00:00.000000Z,0.02859799936413765,0.02859799936413765,0.026846999302506447,0.0271029993891716,29083549
2023-03-25T00:00:00.000000Z,0.027109000831842422,0.027394000440835953,0.02645999938249588,0.026852000504732132,19008751
2023-03-26T00:00:00.000000Z,0.026845000684261322,0.027634000405669212,0.026676999405026436,0.027398999780416489,17444965
2023-03-27T00:00:00.000000Z,0.027397999539971352,0.027427000924944878,0.0254100002348423,0.025984000414609909,28855787
2023-03-28T00:00:00.000000Z,0.025992000475525856,0.027403999119997025,0.025646999478340149,0.027285000309348106,24526323
2023-03-29T00:00:00.000000Z,0.027278000488877296,0.028356000781059265,0.027272000908851624,0.028212999925017357,30563194
2023-03-30T00:00:00.000000Z,0.028226999565958977,0.02850399911403656,0.027248000726103783,0.027854999527335167,36364871
2023-03-31T00:00:00.000000Z,0.027855999767780304,0.029554000124335289,0.027286000549793243,0.029239999130368233,46804053
2023-04-01T00:00:00.000000Z,0.029230000451207161,0.032366000115871429,0.028791999444365501,0.031458001583814621,242915725
2023-04-02T00:00:00.000000Z,0.030720999464392662,0.032366000115871429,0.030122999101877213,0.030975999310612679,235208741
2023-04-03T00:00:00.000000Z,0.030970999971032143,0.031186999753117561,0.028891000896692276,0.02951899915933609,75326721
2023-04-04T00:00:00.000000Z,0.029513999819755554,0.030395999550819397,0.029153000563383102,0.029773000627756119,42383274
2023-04-05T00:00:00.000000Z,0.029773000627756119,0.030849000439047813,0.029479999095201492,0.030296999961137772,53055501
2023-04-06T00:00:00.000000Z,0.030302999541163445,0.030302999541163445,0.029177000746130943,0.029456999152898788,36561482
2023-04-07T00:00:00.000000Z,0.029454000294208527,0.029464999213814735,0.028648000210523605,0.029100000858306885,26188718
2023-04-08T00:00:00.000000Z,0.029098000377416611,0.029665000736713409,0.028982000425457954,0.029248999431729317,27824876
2023-04-09T00:00:00.000000Z,0.029249999672174454,0.029391000047326088,0.028539000079035759,0.029277000576257706,24019279
2023-04-10T00:00:00.000000Z,0.029276000335812569,0.029763000085949898,0.028694000095129013,0.029663000255823135,28550370
2023-04-11T00:00:00.000000Z,0.029665000736713409,0.029998999089002609,0.029472000896930695,0.029699999839067459,30524997
2023-04-12T00:00:00.000000Z,0.029702000319957733,0.029704000800848007,0.028572000563144684,0.029177000746130943,27507163
2023-04-13T00:00:00.000000Z,0.029330000281333923,0.030028000473976135,0.029043000191450119,0.029867999255657196,26617737
2023-04-14T00:00:00.000000Z,0.029872000217437744,0.030974999070167542,0.029843000695109367,0.030670000240206718,39595810
2023-04-15T00:00:00.000000Z,0.030671000480651855,0.031246999278664589,0.030154999345541,0.030804000794887543,32737446
2023-04-16T00:00:00.000000Z,0.030804999172687531,0.03222300112247467,0.030348999425768852,0.03222300112247467,41360819
2023-04-17T00:00:00.000000Z,0.032230999320745468,0.032405998557806015,0.03081200085580349,0.03152799978852272,49683166
2023-04-18T00:00:00.000000Z,0.031532999128103256,0.034042000770568848,0.031233999878168106,0.033562999218702316,102845521
2023-04-19T00:00:00.000000Z,0.033558998256921768,0.035808000713586807,0.03156299889087677,0.031817000359296799,254081734
2023-04-20T00:00:00.000000Z,0.031814001500606537,0.032993998378515244,0.029768999665975571,0.030146999284625053,108969759
2023-04-21T00:00:00.000000Z,0.030148999765515327,0.033874001353979111,0.029478000476956367,0.030982000753283501,262186107
2023-04-22T00:00:00.000000Z,0.030989000573754311,0.035284999758005142,0.030448999255895615,0.034857999533414841,240202006
2023-04-23T00:00:00.000000Z,0.034855000674724579,0.03554999828338623,0.031605001538991928,0.032271001487970352,125143060
2023-04-24T00:00:00.000000Z,0.03227199986577034,0.032609999179840088,0.030551999807357788,0.0310830008238554,66761182
2023-04-25T00:00:00.000000Z,0.031074000522494316,0.031844001263380051,0.029075000435113907,0.030240999534726143,105797581
2023-04-26T00:00:00.000000Z,0.03024199977517128,0.031191000714898109,0.028077999129891396,0.029106000438332558,84369301
2023-04-27T00:00:00.000000Z,0.029109999537467957,0.029704999178647995,0.028619000688195229,0.029196999967098236,46063956
2023-04-28T00:00:00.000000Z,0.02919900044798851,0.02920600026845932,0.028480999171733856,0.028898000717163086,29889250
2023-04-29T00:00:00.000000Z,0.028896000236272812,0.029190000146627426,0.028627999126911163,0.02884100005030632,24541639
2023-04-30T00:00:00.000000Z,0.028838999569416046,0.028952000662684441,0.02821899950504303,0.02821899950504303,25360025
2023-05-01T00:00:00.000000Z,0.028214000165462494,0.028214000165462494,0.026677999645471573,0.027093999087810516,30158230
2023-05-02T00:00:00.000000Z,0.027092000469565392,0.027417000383138657,0.026566000655293465,0.02721799910068512,23172082
2023-05-03T00:00:00.000000Z,0.027219999581575394,0.027665000408887863,0.026435999199748039,0.027489999309182167,25827454
2023-05-04T00:00:00.000000Z,0.027491999790072441,0.027521999552845955,0.026885999366641045,0.027069000527262688,17560370
2023-05-05T00:00:00.000000Z,0.02707199938595295,0.027411999180912971,0.026714999228715897,0.027372999116778374,19787586
2023-05-06T00:00:00.000000Z,0.027371000498533249,0.02747499942779541,0.026146000251173973,0.026444999501109123,22012823
2023-05-07T00:00:00.000000Z,0.02644599974155426,0.026595000177621841,0.026172999292612076,0.026176000013947487,14451775
2023-05-08T00:00:00.000000Z,0.026179999113082886,0.026225000619888306,0.02310200035572052,0.023796999827027321,41887092
2023-05-09T00:00:00.000000Z,0.023799000307917595,0.024113999679684639,0.023564999923110008,0.023994000628590584,19405001
2023-05-10T00:00:00.000000Z,0.023994000628590584,0.024675000458955765,0.023470999673008919,0.024506000801920891,28183961
2023-05-11T00:00:00.000000Z,0.024508999660611153,0.024512000381946564,0.022996999323368073,0.023391000926494598,18641174
2023-05-12T00:00:00.000000Z,0.023389000445604324,0.023713000118732452,0.022779999300837517,0.023698000237345695,19671419
2023-05-13T00:00:00.000000Z,0.02370000071823597,0.023733999580144882,0.023266000673174858,0.023594999685883522,12031011
2023-05-14T00:00:00.000000Z,0.023594999685883522,0.023915000259876251,0.023319000378251076,0.023826999589800835,11555145
2023-05-15T00:00:00.000000Z,0.023824999108910561,0.024486999958753586,0.023544000461697578,0.024145999923348427,18627340
2023-05-16T00:00:00.000000Z,0.024147000163793564,0.024295000359416008,0.023849999532103539,0.02423500083386898,15119841
2023-05-17T00:00:00.000000Z,0.024238999933004379,0.025249000638723373,0.024072999134659767,0.024953000247478485,19526700
2023-05-18T00:00:00.000000Z,0.024953000247478485,0.024960000067949295,0.023767000064253807,0.023993000388145447,17787745
2023-05-19T00:00:00.000000Z,0.023990999907255173,0.024449000135064125,0.023902999237179756,0.024367000907659531,13889557
2023-05-20T00:00:00.000000Z,0.024367999285459518,0.024367999285459518,0.024017000570893288,0.024246999993920326,9495336
2023-05-21T00:00:00.000000Z,0.024244999513030052,0.024244999513030052,0.023369999602437019,0.023528000339865685,9586083
2023-05-22T00:00:00.000000Z,0.023529000580310822,0.023607999086380005,0.023113999515771866,0.023437999188899994,11903897
2023-05-23T00:00:00.000000Z,0.023439999669790268,0.023776000365614891,0.023290000855922699,0.023609999567270279,14227243
2023-05-24T00:00:00.000000Z,0.023610999807715416,0.023615999147295952,0.022494999691843987,0.022814000025391579,15150668
2023-05-25T00:00:00.000000Z,0.022812999784946442,0.022850999608635902,0.02237899973988533,0.022634999826550484,11351767
2023-05-26T00:00:00.000000Z,0.022634999826550484,0.022936999797821045,0.022453000769019127,0.022804999724030495,10649693
2023-05-27T00:00:00.000000Z,0.022805999964475632,0.023367999121546745,0.022701999172568321,0.023339999839663506,12474575
2023-05-28T00:00:00.000000Z,0.023339999839663506,0.023972999304533005,0.023228999227285385,0.023696999996900558,16630580
2023-05-29T00:00:00.000000Z,0.02370000071823597,0.023928999900817871,0.023505000397562981,0.023652000352740288,15425586
2023-05-30T00:00:00.000000Z,0.023649999871850014,0.023734999820590019,0.023284999653697014,0.023664999753236771,13384896
2023-05-31T00:00:00.000000Z,0.023664999753236771,0.023894999176263809,0.022578999400138855,0.022846000269055367,15448761
2023-06-01T00:00:00.000000Z,0.022846000269055367,0.022885000333189964,0.022564999759197235,0.022664999589323997,11374845
2023-06-02T00:00:00.000000Z,0.022665999829769135,0.023411000147461891,0.022531000897288322,0.023383999243378639,11693002
2023-06-03T00:00:00.000000Z,0.023384999483823776,0.023741999641060829,0.023160999640822411,0.023587999865412712,12261946
2023-06-04T00:00:00.000000Z,0.023587999865412712,0.024452999234199524,0.023443000391125679,0.024002000689506531,16709099
2023-06-05T00:00:00.000000Z,0.024003000929951668,0.024072000756859779,0.020959999412298203,0.021415999159216881,27273135
2023-06-06T00:00:00.000000Z,0.021415999159216881,0.022066999226808548,0.021033000200986862,0.021934999153017998,19620745
2023-06-07T00:00:00.000000Z,0.02193400077521801,0.02193400077521801,0.020755000412464142,0.020944999530911446,17195598
2023-06-08T00:00:00.000000Z,0.020948000252246857,0.021666999906301498,0.020805999636650085,0.021286999806761742,15224115
2023-06-09T00:00:00.000000Z,0.021285999566316605,0.021463999524712563,0.020702000707387924,0.020889999344944954,13212749
2023-06-10T00:00:00.000000Z,0.020890999585390091,0.020902000367641449,0.016215000301599503,0.017628999426960945,38706230
2023-06-11T00:00:00.000000Z,0.017627999186515808,0.017745999619364738,0.017219999805092812,0.017443999648094177,15697028
2023-06-12T00:00:00.000000Z,0.01744299940764904,0.017559999600052834,0.017016999423503876,0.017410999163985252,13472382
2023-06-13T00:00:00.000000Z,0.017411999404430389,0.017909999936819077,0.017277000471949577,0.017503000795841217,14037720
2023-06-14T00:00:00.000000Z,0.017503000795841217,0.017666000872850418,0.01647300086915493,0.01679999940097332,13150490
2023-06-15T00:00:00.000000Z,0.016798000782728195,0.017163999378681183,0.016519000753760338,0.016983000561594963,11322226
2023-06-16T00:00:00.000000Z,0.016983000561594963,0.017472999170422554,0.016733000054955482,0.017341999337077141,11348670
2023-06-17T00:00:00.000000Z,0.017341999337077141,0.017904000356793404,0.017265999689698219,0.017652999609708786,10842738
2023-06-18T00:00:00.000000Z,0.017651999369263649,0.017798999324440956,0.017246000468730927,0.017277000471949577,11041311
2023-06-19T00:00:00.000000Z,0.017277000471949577,0.017568999901413918,0.017193000763654709,0.01737700030207634,10571677
2023-06-20T00:00:00.000000Z,0.017378000542521477,0.018200000748038292,0.01707099936902523,0.018198000267148018,15055286
2023-06-21T00:00:00.000000Z,0.018195999786257744,0.019138000905513763,0.018141999840736389,0.019005000591278076,19561768
2023-06-22T00:00:00.000000Z,0.019001999869942665,0.019681999459862709,0.018851999193429947,0.018935000523924828,17772343
2023-06-23T00:00:00.000000Z,0.018935000523924828,0.021683000028133392,0.018882999196648598,0.020531000569462776,85115105
2023-06-24T00:00:00.000000Z,0.020532999187707901,0.021267000585794449,0.020301999524235725,0.021229999139904976,42639464
2023-06-25T00:00:00.000000Z,0.021227000281214714,0.022441999986767769,0.020516000688076019,0.020664999261498451,37553258
2023-06-26T00:00:00.000000Z,0.020664000883698463,0.020893000066280365,0.020090999081730843,0.020333999767899513,20946184
2023-06-27T00:00:00.000000Z,0.020351000130176544,0.020623000338673592,0.020140999928116798,0.020531000569462776,13882963
2023-06-28T00:00:00.000000Z,0.020533999428153038,0.020533999428153038,0.018862999975681305,0.019140999764204025,15665483
2023-06-29T00:00:00.000000Z,0.019138000905513763,0.019747000187635422,0.019045999273657799,0.019604999572038651,12118503
2023-06-30T00:00:00.000000Z,0.019602999091148376,0.021406000480055809,0.019489999860525131,0.020989999175071716,41106175
2023-07-01T00:00:00.000000Z,0.02099199965596199,0.021863000467419624,0.020688999444246292,0.021859999746084213,32140217
2023-07-02T00:00:00.000000Z,0.021852999925613403,0.021886000409722328,0.021146999672055244,0.021506000310182571,19039686
2023-07-03T00:00:00.000000Z,0.021507000550627708,0.022721000015735626,0.021424999460577965,0.022125000134110451,28152497
2023-07-04T00:00:00.000000Z,0.022126000374555588,0.023172000423073769,0.021703999489545822,0.022954000160098076,34600456
2023-07-05T00:00:00.000000Z,0.022954000160098076,0.024675000458955765,0.021469000726938248,0.021957000717520714,91152599
2023-07-06T00:00:00.000000Z,0.021957000717520714,0.022158000618219376,0.020640000700950623,0.020709000527858734,31212448
2023-07-07T00:00:00.000000Z,0.020709000527858734,0.020757000893354416,0.020318999886512756,0.020665999501943588,18191952
2023-07-08T00:00:00.000000Z,0.020665999501943588,0.020709000527858734,0.020287999883294106,0.020517999306321144,12697935
2023-07-09T00:00:00.000000Z,0.020517999306321144,0.020614000037312508,0.020246999338269234,0.020261999219655991,11228725
2023-07-10T00:00:00.000000Z,0.020261999219655991,0.020594000816345215,0.019734999164938927,0.020281000062823296,17497362
2023-07-11T00:00:00.000000Z,0.020281000062823296,0.021018000319600105,0.020161999389529228,0.020974999293684959,17475511
2023-07-12T00:00:00.000000Z,0.020975999534130096,0.021116999909281731,0.020631000399589539,0.020885000005364418,19289718
2023-07-13T00:00:00.000000Z,0.020885000005364418,0.02221900038421154,0.02060299925506115,0.02221900038421154,27118984
2023-07-14T00:00:00.000000Z,0.022205999121069908,0.022655999287962914,0.02086699940264225,0.021524000912904739,32165312
2023-07-15T00:00:00.000000Z,0.021522000432014465,0.023150000721216202,0.021505000069737434,0.0223580002784729,64551334
2023-07-16T00:00:00.000000Z,0.022360999137163162,0.02247299998998642,0.021580999717116356,0.021608000621199608,21867549
2023-07-17T00:00:00.000000Z,0.021617000922560692,0.022489000111818314,0.02161099947988987,0.022382000461220741,26974984
2023-07-18T00:00:00.000000Z,0.022382000461220741,0.023489000275731087,0.021352000534534454,0.02159699983894825,53976116
2023-07-19T00:00:00.000000Z,0.021594999358057976,0.021976999938488007,0.021536000072956085,0.021810000762343407,18422674
2023-07-20T00:00:00.000000Z,0.021810999140143394,0.021986000239849091,0.021414000540971756,0.021572999656200409,19576661
2023-07-21T00:00:00.000000Z,0.021573999896645546,0.021774999797344208,0.021478999406099319,0.021637000143527985,15223345
2023-07-22T00:00:00.000000Z,0.021635999903082848,0.02185400016605854,0.021424999460577965,0.021537000313401222,15313774
2023-07-23T00:00:00.000000Z,0.021539000794291496,0.022342000156641006,0.021413000300526619,0.022175999358296394,21541577
2023-07-24T00:00:00.000000Z,0.022174999117851257,0.022236999124288559,0.020509000867605209,0.020725000649690628,24121537
2023-07-25T00:00:00.000000Z,0.02072799950838089,0.020743999630212784,0.020315999165177345,0.020728999748826027,17599003
2023-07-26T00:00:00.000000Z,0.020728999748826027,0.021069999784231186,0.020507000386714935,0.020826000720262527,21321372
2023-07-27T00:00:00.000000Z,0.02082500047981739,0.021036000922322273,0.020571000874042511,0.020764999091625214,14080124
2023-07-28T00:00:00.000000Z,0.020764999091625214,0.021033000200986862,0.02054700069129467,0.020988000556826591,14964504
2023-07-29T00:00:00.000000Z,0.020987000316381454,0.021585000678896904,0.02097800001502037,0.021517999470233917,20462364
2023-07-30T00:00:00.000000Z,0.021517999470233917,0.021519999951124191,0.02059599943459034,0.020917000249028206,19165983
2023-07-31T00:00:00.000000Z,0.020917000249028206,0.021142000332474709,0.020689999684691429,0.020831000059843063,15476153
2023-08-01T00:00:00.000000Z,0.020831000059843063,0.021040000021457672,0.020299000665545464,0.021040000021457672,21321993
2023-08-02T00:00:00.000000Z,0.021038999781012535,0.021093999966979027,0.020509999245405197,0.020619999617338181,16221656
2023-08-03T00:00:00.000000Z,0.020617999136447906,0.020682999864220619,0.020276999101042747,0.02035599946975708,15708403
2023-08-04T00:00:00.000000Z,0.020356999710202217,0.02047399990260601,0.020135000348091125,0.020309999585151672,14536731
2023-08-05T00:00:00.000000Z,0.020308999344706535,0.020316999405622482,0.020044000819325447,0.020221000537276268,12448936
2023-08-06T00:00:00.000000Z,0.020220000296831131,0.020570000633597374,0.020160999149084091,0.020190000534057617,14104161
2023-08-07T00:00:00.000000Z,0.02018900029361248,0.020324999466538429,0.019652999937534332,0.019990000873804092,17071237
2023-08-08T00:00:00.000000Z,0.019988000392913818,0.020307000726461411,0.019899999722838402,0.020166000351309776,13897474
2023-08-09T00:00:00.000000Z,0.02016800083220005,0.020227000117301941,0.019820999354124069,0.019946999847888947,13649671
2023-08-10T00:00:00.000000Z,0.019949000328779221,0.020165000110864639,0.019912999123334885,0.020058000460267067,11455981
2023-08-11T00:00:00.000000Z,0.020058000460267067,0.020190000534057617,0.019843000918626785,0.020028000697493553,13021458
2023-08-12T00:00:00.000000Z,0.020028000697493553,0.020199000835418701,0.019973000511527061,0.02006400004029274,9361465
2023-08-13T00:00:00.000000Z,0.020062999799847603,0.020267000421881676,0.019979000091552734,0.020020000636577606,10190961
2023-08-14T00:00:00.000000Z,0.020020000636577606,0.020357999950647354,0.019973000511527061,0.02018200047314167,18763895
2023-08-15T00:00:00.000000Z,0.020181000232696533,0.020201999694108963,0.018727000802755356,0.019037000834941864,19051931
2023-08-16T00:00:00.000000Z,0.019037000834941864,0.01905599981546402,0.017618000507354736,0.017803000286221504,20398799
2023-08-17T00:00:00.000000Z,0.017803000286221504,0.01810000091791153,0.01587199978530407,0.016316000372171402,21640805
2023-08-18T00:00:00.000000Z,0.016318000853061676,0.016713999211788177,0.0162540003657341,0.016662999987602234,15330832
2023-08-19T00:00:00.000000Z,0.016664000228047371,0.017009999603033066,0.016620000824332237,0.016992999240756035,9838076
2023-08-20T00:00:00.000000Z,0.016993999481201172,0.017136000096797943,0.016897000372409821,0.017094999551773071,9163827
2023-08-21T00:00:00.000000Z,0.017094999551773071,0.017100000753998756,0.01647300086915493,0.016635999083518982,10413477
2023-08-22T00:00:00.000000Z,0.016635000705718994,0.016816999763250351,0.016173999756574631,0.01666099950671196,12950192
2023-08-23T00:00:00.000000Z,0.016659999266266823,0.017192000523209572,0.016566000878810883,0.016987999901175499,9762717
2023-08-24T00:00:00.000000Z,0.016987999901175499,0.017031999304890633,0.016485000029206276,0.016711000353097916,10096996
2023-08-25T00:00:00.000000Z,0.01671300083398819,0.016843000426888466,0.01655299961566925,0.016775999218225479,9289424
2023-08-26T00:00:00.000000Z,0.016775000840425491,0.016915999352931976,0.016634000465273857,0.016677999868988991,7404658
2023-08-27T00:00:00.000000Z,0.016677999868988991,0.016698999330401421,0.016518000513315201,0.016679000109434128,7706682
2023-08-28T00:00:00.000000Z,0.016681000590324402,0.016700999811291695,0.016296999529004097,0.016698999330401421,8704944
2023-08-29T00:00:00.000000Z,0.016697999089956284,0.017506999894976616,0.016354000195860863,0.017404999583959579,12783521
2023-08-30T00:00:00.000000Z,0.017405999824404716,0.017418999224901199,0.01691100001335144,0.016979999840259552,10172498
2023-08-31T00:00:00.000000Z,0.016979999840259552,0.017020000144839287,0.015980999916791916,0.016126999631524086,11579398
2023-09-01T00:00:00.000000Z,0.016125999391078949,0.016253000125288963,0.015711000189185143,0.015917999669909477,9352047
2023-09-02T00:00:00.000000Z,0.015917999669909477,0.01604899950325489,0.015814999118447304,0.015946000814437866,7964101
2023-09-03T00:00:00.000000Z,0.015946999192237854,0.016125999391078949,0.015914000570774078,0.016102999448776245,8100148
2023-09-04T00:00:00.000000Z,0.016102999448776245,0.016418000683188438,0.015933999791741371,0.016078999266028404,9353271
2023-09-05T00:00:00.000000Z,0.016078999266028404,0.016463000327348709,0.015926999971270561,0.016456000506877899,8693188
2023-09-06T00:00:00.000000Z,0.016457999125123024,0.016536999493837357,0.016075000166893005,0.016349999234080315,8720853
2023-09-07T00:00:00.000000Z,0.01634800061583519,0.016668999567627907,0.016246000304818153,0.016568999737501144,8249019
2023-09-08T00:00:00.000000Z,0.01657399907708168,0.016683999449014664,0.016199000179767609,0.016553999856114388,9699992
2023-09-09T00:00:00.000000Z,0.016556000337004662,0.016561999917030334,0.016310999169945717,0.016419999301433563,6341020
2023-09-10T00:00:00.000000Z,0.0164209995418787,0.0164209995418787,0.015636999160051346,0.015752000734210014,10935452
2023-09-11T00:00:00.000000Z,0.015752999112010002,0.015813000500202179,0.014720000326633453,0.015033000148832798,13683663
2023-09-12T00:00:00.000000Z,0.015033000148832798,0.015600999817252159,0.014952000230550766,0.015223000198602676,13056105
2023-09-13T00:00:00.000000Z,0.015223000198602676,0.016442000865936279,0.015208999626338482,0.015986999496817589,34241950
2023-09-14T00:00:00.000000Z,0.015986999496817589,0.016226999461650848,0.015962999314069748,0.016169000416994095,12917590
2023-09-15T00:00:00.000000Z,0.016168000176548958,0.016838999465107918,0.015988999977707863,0.016668999567627907,13068311
2023-09-16T00:00:00.000000Z,0.016671000048518181,0.01680699922144413,0.016447000205516815,0.016600999981164932,10973385
2023-09-17T00:00:00.000000Z,0.016602000221610069,0.016615999862551689,0.015823999419808388,0.015875000506639481,10424398
2023-09-18T00:00:00.000000Z,0.015876000747084618,0.016502000391483307,0.01575700007379055,0.016169000416994095,12110116
2023-09-19T00:00:00.000000Z,0.016165999695658684,0.016565000638365746,0.016086999326944351,0.016498999670147896,11835241
2023-09-20T00:00:00.000000Z,0.016498999670147896,0.016649000346660614,0.016173999756574631,0.016589000821113586,12350112
2023-09-21T00:00:00.000000Z,0.016589999198913574,0.017385000362992287,0.016377000138163567,0.016969999298453331,165512265
2023-09-22T00:00:00.000000Z,0.016967000439763069,0.018086999654769897,0.016955999657511711,0.01789500005543232,40946548
2023-09-23T00:00:00.000000Z,0.01789500005543232,0.017929000779986382,0.017322000116109848,0.017585000023245811,17148732
2023-09-24T00:00:00.000000Z,0.017586000263690948,0.017598999664187431,0.016908999532461166,0.016974000260233879,10794914
2023-09-25T00:00:00.000000Z,0.016973000019788742,0.017036000266671181,0.016631999984383583,0.016863999888300896,9886111
2023-09-26T00:00:00.000000Z,0.016863999888300896,0.017179999500513077,0.016666999086737633,0.017007000744342804,9843525
2023-09-27T00:00:00.000000Z,0.017007999122142792,0.017108999192714691,0.016659999266266823,0.016750000417232513,11076739
2023-09-28T00:00:00.000000Z,0.016749000176787376,0.017140999436378479,0.016692999750375748,0.017043000087141991,11386382
2023-09-29T00:00:00.000000Z,0.017043000087141991,0.017413999885320663,0.017038000747561455,0.017195999622344971,13495345
2023-09-30T00:00:00.000000Z,0.017193999141454697,0.017891999334096909,0.017186999320983887,0.017767999321222305,18424854
2023-10-01T00:00:00.000000Z,0.017765000462532043,0.018187999725341797,0.017520999535918236,0.017981000244617462,15323853
2023-10-02T00:00:00.000000Z,0.017975000664591789,0.018076999112963676,0.017123999074101448,0.017201999202370644,20516267
2023-10-03T00:00:00.000000Z,0.017201000824570656,0.017315000295639038,0.01685200072824955,0.016869999468326569,14025796
2023-10-04T00:00:00.000000Z,0.016870999708771706,0.016883999109268188,0.016486000269651413,0.016766000539064407,12958166
2023-10-05T00:00:00.000000Z,0.016766000539064407,0.016797000542283058,0.016504000872373581,0.016513999551534653,9854936
2023-10-06T00:00:00.000000Z,0.016513999551534653,0.01717899926006794,0.016512999311089516,0.016985999420285225,19565326
2023-10-07T00:00:00.000000Z,0.016987999901175499,0.017049999907612801,0.016832999885082245,0.016936000436544418,9831048
2023-10-08T00:00:00.000000Z,0.016938000917434692,0.01702599972486496,0.016714999452233315,0.016932999715209007,9791207
2023-10-09T00:00:00.000000Z,0.016932999715209007,0.016990000382065773,0.01585100032389164,0.016078000888228416,12836149
2023-10-10T00:00:00.000000Z,0.016078000888228416,0.016171999275684357,0.015925999730825424,0.016028000041842461,8737240
2023-10-11T00:00:00.000000Z,0.016025999560952187,0.016087999567389488,0.015716999769210815,0.015884999185800552,8684276
2023-10-12T00:00:00.000000Z,0.015884000808000565,0.015987999737262726,0.01575700007379055,0.015825999900698662,10067751
2023-10-13T00:00:00.000000Z,0.015823999419808388,0.01614299975335598,0.015806000679731369,0.01600399985909462,7760802
2023-10-14T00:00:00.000000Z,0.016002999618649483,0.016408000141382217,0.016002999618649483,0.016350999474525452,9134738
2023-10-15T00:00:00.000000Z,0.016350999474525452,0.016823999583721161,0.016273999586701393,0.016519000753760338,13293977
2023-10-16T00:00:00.000000Z,0.016519999131560326,0.017022000625729561,0.016502000391483307,0.016767000779509544,16542578
2023-10-17T00:00:00.000000Z,0.016761999577283859,0.016925999894738197,0.016529999673366547,0.016876000910997391,15002991
2023-10-18T00:00:00.000000Z,0.016875000670552254,0.017110999673604965,0.016524000093340874,0.016614999622106552,17138502
2023-10-19T00:00:00.000000Z,0.016617000102996826,0.017007000744342804,0.016354000195860863,0.01648000068962574,18247325
2023-10-20T00:00:00.000000Z,0.016476999968290329,0.017022000625729561,0.016276000067591667,0.016987999901175499,14674614
2023-10-21T00:00:00.000000Z,0.016987999901175499,0.017487000674009323,0.016937000676989555,0.01737000048160553,14130611
2023-10-22T00:00:00.000000Z,0.017369000241160393,0.017618000507354736,0.01701899990439415,0.017575999721884727,13227534
2023-10-23T00:00:00.000000Z,0.017544999718666077,0.018394999206066132,0.017385000362992287,0.018263999372720718,20105229
2023-10-24T00:00:00.000000Z,0.018264999613165855,0.018790999427437782,0.017898999154567719,0.018365999683737755,31501811
2023-10-25T00:00:00.000000Z,0.01837100088596344,0.018983999267220497,0.018185999244451523,0.018707999959588051,25158025
2023-10-26T00:00:00.000000Z,0.018706999719142914,0.019123999401926994,0.017983000725507736,0.018613999709486961,26697076
2023-10-27T00:00:00.000000Z,0.018616000190377235,0.018620999529957771,0.017967000603675842,0.01820099912583828,15584709
2023-10-28T00:00:00.000000Z,0.018202999606728554,0.018774999305605888,0.018184000626206398,0.018749000504612923,12811256
2023-10-29T00:00:00.000000Z,0.018750999122858047,0.019161999225616455,0.018486000597476959,0.019022999331355095,13222571
2023-10-30T00:00:00.000000Z,0.019023999571800232,0.019321000203490257,0.018871000036597252,0.019315000623464584,16802339
2023-10-31T00:00:00.000000Z,0.019314000383019447,0.01948699913918972,0.018116999417543411,0.018959000706672668,24818207
2023-11-01T00:00:00.000000Z,0.018959999084472656,0.020357999950647354,0.018950000405311584,0.020241999998688698,44302102
2023-11-02T00:00:00.000000Z,0.020243000239133835,0.020274000242352486,0.019385000690817833,0.019818000495433807,21126974
2023-11-03T00:00:00.000000Z,0.019819999113678932,0.01982400007545948,0.018996000289916992,0.01953200064599514,16486945
2023-11-04T00:00:00.000000Z,0.01953200064599514,0.020352000370621681,0.019440000876784325,0.020232999697327614,14544392
2023-11-05T00:00:00.000000Z,0.020233999937772751,0.02060999907553196,0.020012000575661659,0.020417999476194382,20993471
2023-11-06T00:00:00.000000Z,0.020417999476194382,0.021176999434828758,0.020060999318957329,0.021059999242424965,19982946
2023-11-07T00:00:00.000000Z,0.021060999482870102,0.021060999482870102,0.019989000633358955,0.020670000463724136,19513340
2023-11-08T00:00:00.000000Z,0.020669000223278999,0.021315999329090118,0.020492000505328178,0.021153999492526054,16111830
2023-11-09T00:00:00.000000Z,0.02115200087428093,0.021836999803781509,0.019759999588131905,0.020729999989271164,39682181
2023-11-10T00:00:00.000000Z,0.02072799950838089,0.021476000547409058,0.020504999905824661,0.021476000547409058,25904156
2023-11-11T00:00:00.000000Z,0.021476000547409058,0.023157000541687012,0.020705999806523323,0.022532999515533447,48999092
2023-11-12T00:00:00.000000Z,0.022534999996423721,0.023161999881267548,0.02170800045132637,0.022754000499844551,31562230
2023-11-13T00:00:00.000000Z,0.022748000919818878,0.023111000657081604,0.02173599973320961,0.021864999085664749,28345788
2023-11-14T00:00:00.000000Z,0.02186799980700016,0.021918000653386116,0.020333999767899513,0.020982999354600906,28583724
2023-11-15T00:00:00.000000Z,0.020976999774575233,0.02210799977183342,0.020749999210238457,0.022061999887228012,20328112
2023-11-16T00:00:00.000000Z,0.022058999165892601,0.022570999339222908,0.020860999822616577,0.021283000707626343,28594964
2023-11-17T00:00:00.000000Z,0.021283999085426331,0.02181600034236908,0.02054700069129467,0.02135699987411499,20483347
2023-11-18T00:00:00.000000Z,0.021358000114560127,0.022273000329732895,0.020956000313162804,0.022038999944925308,35735376
2023-11-19T00:00:00.000000Z,0.022037999704480171,0.022252999246120453,0.021328000351786613,0.022249000146985054,19734938
2023-11-20T00:00:00.000000Z,0.022249000146985054,0.022331999614834785,0.021716000512242317,0.022032000124454498,21231470
2023-11-21T00:00:00.000000Z,0.022032000124454498,0.022180000320076942,0.019627999514341354,0.019669000059366226,30141340
2023-11-22T00:00:00.000000Z,0.019656000658869743,0.020925000309944153,0.019561000168323517,0.020687000826001167,21420849
2023-11-23T00:00:00.000000Z,0.020685000345110893,0.021112000569701195,0.020538000389933586,0.020964000374078751,16390614
2023-11-24T00:00:00.000000Z,0.020963000133633614,0.021310999989509583,0.02091200090944767,0.021040000021457672,15248730
2023-11-25T00:00:00.000000Z,0.021042000502347946,0.021456999704241753,0.020979000255465508,0.021436000242829323,13420476
2023-11-26T00:00:00.000000Z,0.021438999101519585,0.021559000015258789,0.02085299976170063,0.021201999858021736,18225250
2023-11-27T00:00:00.000000Z,0.02120400033891201,0.021307999268174171,0.020287999883294106,0.020684000104665756,20993910
2023-11-28T00:00:00.000000Z,0.020681999623775482,0.020950999110937119,0.020188000053167343,0.020795999094843864,15776699
2023-11-29T00:00:00.000000Z,0.020795999094843864,0.021674999967217445,0.020589999854564667,0.021556999534368515,27557366
2023-11-30T00:00:00.000000Z,0.021557999774813652,0.021896999329328537,0.021102000027894974,0.021808000281453133,26280107
2023-12-01T00:00:00.000000Z,0.021808000281453133,0.022314999252557755,0.021641999483108521,0.022043999284505844,27414037
2023-12-02T00:00:00.000000Z,0.022043000906705856,0.022295000031590462,0.021802999079227448,0.022189000621438026,19634914
2023-12-03T00:00:00.000000Z,0.022189000621438026,0.022637000307440758,0.021888000890612602,0.022337000817060471,23637860
2023-12-04T00:00:00.000000Z,0.022337999194860458,0.022834999486804008,0.021779000759124756,0.022552000358700752,36415192
2023-12-05T00:00:00.000000Z,0.022554999217391014,0.023530999198555946,0.022497000172734261,0.023352000862360001,45867581
2023-12-06T00:00:00.000000Z,0.023352999240159988,0.023455999791622162,0.022585000842809677,0.02296300046145916,38932550
2023-12-07T00:00:00.000000Z,0.022965999320149422,0.023830000311136246,0.02274399995803833,0.023618999868631363,35829060
2023-12-08T00:00:00.000000Z,0.023614000529050827,0.025064999237656593,0.023414000868797302,0.024728000164031982,37050959
2023-12-09T00:00:00.000000Z,0.024728000164031982,0.02556999959051609,0.024645999073982239,0.024845000356435776,43663884
2023-12-10T00:00:00.000000Z,0.024853000417351723,0.02516699954867363,0.02390499971807003,0.024437999352812767,25277503
2023-12-11T00:00:00.000000Z,0.024443000555038452,0.024535000324249268,0.021919999271631241,0.022394999861717224,42165132
2023-12-12T00:00:00.000000Z,0.022393999621272087,0.023672999814152718,0.022374000400304794,0.023561999201774597,40772425
2023-12-13T00:00:00.000000Z,0.023561999201774597,0.024021999910473824,0.022423999384045601,0.023892000317573547,39640817
2023-12-14T00:00:00.000000Z,0.023893000558018684,0.024706000462174416,0.023354999721050262,0.024539999663829803,34884869
2023-12-15T00:00:00.000000Z,0.024538999423384666,0.024538999423384666,0.023137999698519707,0.023159999400377274,27842232
2023-12-16T00:00:00.000000Z,0.023160999640822411,0.024241000413894653,0.022920999675989151,0.023894999176263809,25592647
2023-12-17T00:00:00.000000Z,0.023894999176263809,0.023930000141263008,0.023059999570250511,0.023083999752998352,23778528
2023-12-18T00:00:00.000000Z,0.023087000474333763,0.023151999339461327,0.021429000422358513,0.022536000236868858,36932241
2023-12-19T00:00:00.000000Z,0.022537000477313995,0.023364000022411346,0.022430999204516411,0.02250399999320507,25139195
2023-12-20T00:00:00.000000Z,0.022502999752759933,0.023629000410437584,0.022417999804019928,0.023178000003099442,23607823
2023-12-21T00:00:00.000000Z,0.023179000243544579,0.024437999352812767,0.023020999506115913,0.024260999634861946,27249488
2023-12-22T00:00:00.000000Z,0.02426999993622303,0.025916000828146935,0.024000000208616257,0.025877999141812325,30833735
2023-12-23T00:00:00.000000Z,0.02588300034403801,0.025922000408172607,0.024813000112771988,0.025477999821305275,30269483
2023-12-24T00:00:00.000000Z,0.025474999099969864,0.027703000232577324,0.025121999904513359,0.026574000716209412,58605165
2023-12-25T00:00:00.000000Z,0.026579000055789948,0.027093000710010529,0.026162000373005867,0.026739999651908875,35520408
2023-12-26T00:00:00.000000Z,0.026740999892354012,0.027519999071955681,0.025464000180363655,0.027519999071955681,46430464
2023-12-27T00:00:00.000000Z,0.027514999732375145,0.027642000466585159,0.026312999427318573,0.027123000472784042,34489082
2023-12-28T00:00:00.000000Z,0.027137000113725662,0.027504000812768936,0.025468999519944191,0.025790000334382057,34900577
2023-12-29T00:00:00.000000Z,0.025787999853491783,0.025999000295996666,0.024785000830888748,0.025240000337362289,30291118
2023-12-30T00:00:00.000000Z,0.025240000337362289,0.025363000109791756,0.024682000279426575,0.025024000555276871,18937036
2023-12-31T00:00:00.000000Z,0.025019999593496323,0.025604000315070152,0.024542000144720078,0.024776000529527664,19070187
2024-01-01T00:00:00.000000Z,0.024779999628663063,0.025615999475121498,0.024596000090241432,0.025609999895095825,15887487
2024-01-02T00:00:00.000000Z,0.025606000795960426,0.026363000273704529,0.02526400052011013,0.025415999814867973,25269179
2024-01-03T00:00:00.000000Z,0.02541700005531311,0.027126999571919441,0.022188000380992889,0.02323400042951107,84870462
2024-01-04T00:00:00.000000Z,0.023236000910401344,0.02391199953854084,0.022848000749945641,0.023794999346137047,30158009
2024-01-05T00:00:00.000000Z,0.023794999346137047,0.023934999480843544,0.022118000313639641,0.022857999429106712,30519840
2024-01-06T00:00:00.000000Z,0.022858999669551849,0.022894000634551048,0.021807000041007996,0.022623000666499138,30175923
2024-01-07T00:00:00.000000Z,0.022626999765634537,0.022921999916434288,0.021067999303340912,0.021214999258518219,23221219
2024-01-08T00:00:00.000000Z,0.021216999739408493,0.022151999175548553,0.019449999555945396,0.022086000069975853,38042522
2024-01-09T00:00:00.000000Z,0.022084999829530716,0.022090999409556389,0.020279999822378159,0.020831000059843063,27581853
2024-01-10T00:00:00.000000Z,0.020834000781178474,0.022791000083088875,0.020345000550150871,0.022363999858498573,34395442
2024-01-11T00:00:00.000000Z,0.02236500009894371,0.023357000201940536,0.022182000800967216,0.022952999919652939,38864347
2024-01-12T00:00:00.000000Z,0.022950999438762665,0.02354699932038784,0.021120000630617142,0.021714000031352043,34437416
2024-01-13T00:00:00.000000Z,0.021714000031352043,0.022144999355077744,0.021160999312996864,0.021989999338984489,20043565
2024-01-14T00:00:00.000000Z,0.021989999338984489,0.022142000496387482,0.021262999624013901,0.021270999684929848,18038508
2024-01-15T00:00:00.000000Z,0.021269999444484711,0.02216700091958046,0.021269999444484711,0.021725000813603401,19308104
2024-01-16T00:00:00.000000Z,0.021720999851822853,0.023249000310897827,0.021653000265359879,0.022938000038266182,29327667
2024-01-17T00:00:00.000000Z,0.022936999797821045,0.023338999599218369,0.022270999848842621,0.022962000221014023,23324652
2024-01-18T00:00:00.000000Z,0.02296300046145916,0.02323400042951107,0.021221000701189041,0.02148899994790554,22941971
2024-01-19T00:00:00.000000Z,0.02148899994790554,0.021533999592065811,0.020281000062823296,0.021227000281214714,21924489
2024-01-20T00:00:00.000000Z,0.021227000281214714,0.022075999528169632,0.020994000136852264,0.021862000226974487,20413383
2024-01-21T00:00:00.000000Z,0.021864000707864761,0.022227000445127487,0.021586000919342041,0.021586000919342041,14193029
2024-01-22T00:00:00.000000Z,0.021591000258922577,0.021711999550461769,0.020262999460101128,0.020279999822378159,19277461
2024-01-23T00:00:00.000000Z,0.020279999822378159,0.020739000290632248,0.018745999783277512,0.019584000110626221,25566110
2024-01-24T00:00:00.000000Z,0.01958799920976162,0.02009199932217598,0.019492000341415405,0.020037999376654625,17219957
2024-01-25T00:00:00.000000Z,0.020037999376654625,0.020065000280737877,0.019417999312281609,0.019912000745534897,15721479
2024-01-26T00:00:00.000000Z,0.019912000745534897,0.020470999181270599,0.0197720006108284,0.020374000072479248,13688939
2024-01-27T00:00:00.000000Z,0.020374000072479248,0.020824000239372253,0.020212000235915184,0.020803000777959824,11927481
2024-01-28T00:00:00.000000Z,0.02080100029706955,0.020988000556826591,0.02026900090277195,0.020421000197529793,11961731
2024-01-29T00:00:00.000000Z,0.020419999957084656,0.020850000903010368,0.020052999258041382,0.020831000059843063,12821817
2024-01-30T00:00:00.000000Z,0.020831000059843063,0.020972000434994698,0.020369000732898712,0.020445000380277634,13637849
2024-01-31T00:00:00.000000Z,0.020445000380277634,0.020569000393152237,0.019716000184416771,0.019912000745534897,13777351
2024-02-01T00:00:00.000000Z,0.019910000264644623,0.020247999578714371,0.019584000110626221,0.020247999578714371,13965721
2024-02-02T00:00:00.000000Z,0.020247999578714371,0.020421000197529793,0.019889999181032181,0.020338000729680061,11173237
2024-02-03T00:00:00.000000Z,0.020338999107480049,0.020439999178051949,0.019956000149250031,0.020207999274134636,9607632
2024-02-04T00:00:00.000000Z,0.020207999274134636,0.02020999975502491,0.019728999584913254,0.019758999347686768,8755598
2024-02-05T00:00:00.000000Z,0.019757999107241631,0.020086999982595444,0.019470000639557838,0.019813999533653259,10072397
2024-02-06T00:00:00.000000Z,0.019813999533653259,0.019905999302864075,0.019640000537037849,0.019739000126719475,10254826
2024-02-07T00:00:00.000000Z,0.019740000367164612,0.020391000434756279,0.019716000184416771,0.020302999764680862,11935182
2024-02-08T00:00:00.000000Z,0.020302999764680862,0.020603999495506287,0.020191999152302742,0.020400000736117363,12668959
2024-02-09T00:00:00.000000Z,0.020400000736117363,0.021288000047206879,0.020385999232530594,0.021188000217080116,15716455
2024-02-10T00:00:00.000000Z,0.021188000217080116,0.021327000111341476,0.020695000886917114,0.0209989994764328,12099193
2024-02-11T00:00:00.000000Z,0.020999999716877937,0.02150299958884716,0.020902000367641449,0.021009000018239021,12442635
2024-02-12T00:00:00.000000Z,0.021014999598264694,0.021643999963998795,0.020663000643253326,0.021553000435233116,15264525
2024-02-13T00:00:00.000000Z,0.021554000675678253,0.021645000204443932,0.020796999335289001,0.02125299908220768,17685431
2024-02-14T00:00:00.000000Z,0.02125299908220768,0.022060999646782875,0.021054999902844429,0.021914999932050705,17681362
2024-02-15T00:00:00.000000Z,0.021913999691605568,0.023212000727653503,0.021815000101923943,0.022807000204920769,38778071
2024-02-16T00:00:00.000000Z,0.02281000092625618,0.023538000881671906,0.022544000297784805,0.023174000903964043,26716216
2024-02-17T00:00:00.000000Z,0.023174000903964043,0.023252999410033226,0.022057000547647476,0.022864999249577522,16920849
2024-02-18T00:00:00.000000Z,0.022863000631332397,0.023854000493884087,0.022621000185608864,0.023643000051379204,22383124
2024-02-19T00:00:00.000000Z,0.02365499921143055,0.024480000138282776,0.02338000014424324,0.024281999096274376,29899034
2024-02-20T00:00:00.000000Z,0.024281999096274376,0.024506000801920891,0.0227230004966259,0.023497000336647034,39173100
2024-02-21T00:00:00.000000Z,0.023497000336647034,0.024267999455332756,0.022126000374555588,0.02288299985229969,37262803
2024-02-22T00:00:00.000000Z,0.022884000092744827,0.023670999333262444,0.022444000467658043,0.023367999121546745,21675166
2024-02-23T00:00:00.000000Z,0.023367999121546745,0.02353299967944622,0.022484999150037766,0.023055000230669975,19224895
2024-02-24T00:00:00.000000Z,0.023051999509334564,0.024360999464988708,0.022619999945163727,0.024035999551415443,23232739
2024-02-25T00:00:00.000000Z,0.02403699979186058,0.026101000607013702,0.023491999134421349,0.025575000792741776,41795026
2024-02-26T00:00:00.000000Z,0.025575000792741776,0.026529999449849129,0.024375999346375465,0.025947000831365585,80132438
2024-02-27T00:00:00.000000Z,0.025947000831365585,0.027285000309348106,0.025609999895095825,0.026186000555753708,70357120
2024-02-28T00:00:00.000000Z,0.026190999895334244,0.02896600030362606,0.025983000174164772,0.027433000504970551,128607271
2024-02-29T00:00:00.000000Z,0.027429999783635139,0.029262999072670937,0.026890000328421593,0.027739999815821648,65030469
2024-03-01T00:00:00.000000Z,0.027743000537157059,0.029195999726653099,0.027743000537157059,0.029118999838829041,39110161
2024-03-02T00:00:00.000000Z,0.029120000079274178,0.031516000628471375,0.02910199947655201,0.031380001455545425,69095176
2024-03-03T00:00:00.000000Z,0.031376000493764877,0.031440000981092453,0.028822999447584152,0.030236000195145607,54315857
2024-03-04T00:00:00.000000Z,0.030238000676035881,0.033447001129388809,0.029977999627590179,0.032242000102996826,105724419
2024-03-05T00:00:00.000000Z,0.032242998480796814,0.036465000361204147,0.027643000707030296,0.030280999839305878,200341944
2024-03-06T00:00:00.000000Z,0.030280999839305878,0.03979099914431572,0.030216999351978302,0.03695400059223175,404539054
2024-03-07T00:00:00.000000Z,0.03695400059223175,0.036965999752283096,0.033840000629425049,0.035431999713182449,107466358
2024-03-08T00:00:00.000000Z,0.035431999713182449,0.035631999373435974,0.032891001552343369,0.034974001348018646,72355605
2024-03-09T00:00:00.000000Z,0.034974001348018646,0.03590799868106842,0.034655999392271042,0.035160001367330551,54513631
2024-03-10T00:00:00.000000Z,0.035160001367330551,0.037904001772403717,0.034581001847982407,0.036035001277923584,106189281
2024-03-11T00:00:00.000000Z,0.036035001277923584,0.038107998669147491,0.034386001527309418,0.037799999117851257,86193714
2024-03-12T00:00:00.000000Z,0.037799999117851257,0.03813600167632103,0.03473300114274025,0.037583999335765839,81257900
2024-03-13T00:00:00.000000Z,0.037583999335765839,0.044541001319885254,0.037152998149394989,0.04047200083732605,310397712
2024-03-14T00:00:00.000000Z,0.04047200083732605,0.041296999901533127,0.03707600012421608,0.039413001388311386,130491134
2024-03-15T00:00:00.000000Z,0.039413001388311386,0.040837999433279037,0.033856000751256943,0.036805000156164169,137868368
2024-03-16T00:00:00.000000Z,0.036805000156164169,0.037443000823259354,0.032157000154256821,0.032928001135587692,64171450
2024-03-17T00:00:00.000000Z,0.032928001135587692,0.034398000687360764,0.030680999159812927,0.033953998237848282,60577711
2024-03-18T00:00:00.000000Z,0.033953998237848282,0.034318000078201294,0.031069999560713768,0.031808000057935715,41703874
2024-03-19T00:00:00.000000Z,0.031808000057935715,0.032979000359773636,0.027730999514460564,0.030786000192165375,89209986
2024-03-20T00:00:00.000000Z,0.030789000913500786,0.034097000956535339,0.029517000541090965,0.034079000353813171,61722822
2024-03-21T00:00:00.000000Z,0.034079000353813171,0.034660998731851578,0.032788001000881195,0.033636000007390976,45429445
2024-03-22T00:00:00.000000Z,0.033636000007390976,0.034901998937129974,0.031881000846624374,0.032733999192714691,43068275
2024-03-23T00:00:00.000000Z,0.032733999192714691,0.033955998718738556,0.03233800083398819,0.032857999205589294,24291975
2024-03-24T00:00:00.000000Z,0.032857999205589294,0.034035000950098038,0.032246001064777374,0.033920999616384506,29899026
2024-03-25T00:00:00.000000Z,0.033920999616384506,0.036341000348329544,0.033420998603105545,0.035946998745203018,49543580
2024-03-26T00:00:00.000000Z,0.035946998745203018,0.038348998874425888,0.035936001688241959,0.037294000387191772,76524799
2024-03-27T00:00:00.000000Z,0.037294000387191772,0.037790000438690186,0.034857001155614853,0.035477001219987869,49831265
2024-03-28T00:00:00.000000Z,0.035477001219987869,0.038169000297784805,0.034588001668453217,0.037310000509023666,78054230
2024-03-29T00:00:00.000000Z,0.037310000509023666,0.037413999438285828,0.03595300018787384,0.036841001361608505,46217871
2024-03-30T00:00:00.000000Z,0.036841001361608505,0.038233000785112381,0.036345001310110092,0.037096001207828522,51325463
2024-03-31T00:00:00.000000Z,0.037096001207828522,0.040431998670101166,0.036722000688314438,0.038942001760005951,165086070
2024-04-01T00:00:00.000000Z,0.038942001760005951,0.038949001580476761,0.034928999841213226,0.035891000181436539,74329546
2024-04-02T00:00:00.000000Z,0.035891000181436539,0.035893000662326813,0.032024998217821121,0.032508000731468201,62594708
2024-04-03T00:00:00.000000Z,0.032508000731468201,0.033413000404834747,0.031263001263141632,0.03189999982714653,43133162
2024-04-04T00:00:00.000000Z,0.03189999982714653,0.033792000263929367,0.031248999759554863,0.032944001257419586,35625105
2024-04-05T00:00:00.000000Z,0.032944001257419586,0.032997999340295792,0.031246999278664589,0.032287001609802246,28489491
2024-04-06T00:00:00.000000Z,0.032287999987602234,0.033296998590230942,0.032062999904155731,0.033031001687049866,17340229
2024-04-07T00:00:00.000000Z,0.033031001687049866,0.033867001533508301,0.03287699818611145,0.033491000533103943,21426639
2024-04-08T00:00:00.000000Z,0.033491000533103943,0.0353659987449646,0.032570000737905502,0.035309001803398132,38755416
2024-04-09T00:00:00.000000Z,0.035309001803398132,0.035479001700878143,0.03290100023150444,0.033002998679876328,33955837
2024-04-10T00:00:00.000000Z,0.033002998679876328,0.03351999819278717,0.031635001301765442,0.032969001680612564,33364525
2024-04-11T00:00:00.000000Z,0.032969001680612564,0.034113001078367233,0.032745998352766037,0.033670999109745026,36368410
2024-04-12T00:00:00.000000Z,0.033670999109745026,0.034556999802589417,0.026704000309109688,0.027955999597907066,78133742
2024-04-13T00:00:00.000000Z,0.027955999597907066,0.028160000219941139,0.020576000213623047,0.023597000166773796,81461301
2024-04-14T00:00:00.000000Z,0.023597000166773796,0.025406999513506889,0.022331999614834785,0.025147000327706337,54915820
2024-04-15T00:00:00.000000Z,0.025147000327706337,0.026390999555587769,0.023367999121546745,0.02426300011575222,41296090
2024-04-16T00:00:00.000000Z,0.02426300011575222,0.024749999865889549,0.023145999759435654,0.024234000593423843,32577843
2024-04-17T00:00:00.000000Z,0.024234000593423843,0.024573000147938728,0.022657999768853188,0.023383999243378639,26661859
2024-04-18T00:00:00.000000Z,0.023383999243378639,0.024507999420166016,0.022715000435709953,0.024322999641299248,23747036
2024-04-19T00:00:00.000000Z,0.024322999641299248,0.025367999449372292,0.022523999214172363,0.024816000834107399,30287656
2024-04-20T00:00:00.000000Z,0.024816000834107399,0.026621000841259956,0.024490000680088997,0.02639400027692318,21163690
2024-04-21T00:00:00.000000Z,0.02639400027692318,0.026657000184059143,0.025435000658035278,0.025854999199509621,18771090
2024-04-22T00:00:00.000000Z,0.025854999199509621,0.026900000870227814,0.025832999497652054,0.026644999161362648,19005087
2024-04-23T00:00:00.000000Z,0.026644999161362648,0.027285000309348106,0.026159999892115593,0.027234999462962151,21853523
2024-04-24T00:00:00.000000Z,0.027234999462962151,0.028348000720143318,0.02527800016105175,0.025599999353289604,46535518
2024-04-25T00:00:00.000000Z,0.025599999353289604,0.026262000203132629,0.024901000782847404,0.025792000815272331,21414110
2024-04-26T00:00:00.000000Z,0.025792000815272331,0.025857999920845032,0.024833999574184418,0.024978000670671463,17353801
2024-04-27T00:00:00.000000Z,0.024978000670671463,0.025392999872565269,0.024153999984264374,0.025134000927209854,15701174
2024-04-28T00:00:00.000000Z,0.025134000927209854,0.025570999830961227,0.024447999894618988,0.024529999122023582,14811346
2024-04-29T00:00:00.000000Z,0.024529999122023582,0.024831999093294144,0.023739999160170555,0.024228999391198158,20469481
2024-04-30T00:00:00.000000Z,0.024229999631643295,0.024548999965190887,0.022027000784873962,0.022814000025391579,23289589
2024-05-01T00:00:00.000000Z,0.022814000025391579,0.023397000506520271,0.021113000810146332,0.023057000711560249,26703998
2024-05-02T00:00:00.000000Z,0.023057000711560249,0.023732999339699745,0.022315999493002892,0.023454999551177025,15502335
2024-05-03T00:00:00.000000Z,0.023454999551177025,0.024700000882148743,0.023246999830007553,0.024588000029325485,16949138
2024-05-04T00:00:00.000000Z,0.024588000029325485,0.024831999093294144,0.024273000657558441,0.024545000866055489,14675336
2024-05-05T00:00:00.000000Z,0.024545000866055489,0.025003999471664429,0.024135999381542206,0.024823000654578209,14320805
2024-05-06T00:00:00.000000Z,0.024823000654578209,0.025468999519944191,0.024081999436020851,0.024104999378323555,17498837
2024-05-07T00:00:00.000000Z,0.024104999378323555,0.024630999192595482,0.023574000224471092,0.023638999089598656,15083209
2024-05-08T00:00:00.000000Z,0.023638999089598656,0.02389799989759922,0.02311599999666214,0.023391999304294586,16292000
2024-05-09T00:00:00.000000Z,0.023391999304294586,0.024384999647736549,0.022993000224232674,0.024284999817609787,14142294
2024-05-10T00:00:00.000000Z,0.024286000058054924,0.024475999176502228,0.022758999839425087,0.022994000464677811,16274512
2024-05-11T00:00:00.000000Z,0.022994000464677811,0.023406999185681343,0.022886000573635101,0.022890999913215637,10986171
2024-05-12T00:00:00.000000Z,0.022890999913215637,0.023110000416636467,0.022570999339222908,0.022686999291181564,10617469
2024-05-13T00:00:00.000000Z,0.022686999291181564,0.023073000833392143,0.021903000771999359,0.022357000038027763,17387193
2024-05-14T00:00:00.000000Z,0.022357000038027763,0.022585999220609665,0.021616000682115555,0.021681999787688255,18741199
2024-05-15T00:00:00.000000Z,0.021681999787688255,0.023202000185847282,0.021671999245882034,0.023128999397158623,20242511
2024-05-16T00:00:00.000000Z,0.023127000778913498,0.023714000359177589,0.02274399995803833,0.02312999963760376,19677905
2024-05-17T00:00:00.000000Z,0.02312999963760376,0.02410300076007843,0.022911999374628067,0.023823000490665436,15752738
2024-05-18T00:00:00.000000Z,0.023823000490665436,0.023984000086784363,0.023504000157117844,0.023615999147295952,12862957
2024-05-19T00:00:00.000000Z,0.023615999147295952,0.023754000663757324,0.022569000720977783,0.022617999464273453,14012681
2024-05-20T00:00:00.000000Z,0.022617999464273453,0.024749999865889549,0.022309999912977219,0.024623999372124672,25615228
2024-05-21T00:00:00.000000Z,0.024624999612569809,0.025141999125480652,0.024250000715255737,0.024731999263167381,29786998
2024-05-22T00:00:00.000000Z,0.024731999263167381,0.024823000654578209,0.023972000926733017,0.024267999455332756,20707370
2024-05-23T00:00:00.000000Z,0.024267999455332756,0.024710999801754951,0.02260500006377697,0.023708999156951904,29125324
2024-05-24T00:00:00.000000Z,0.023708999156951904,0.024079000577330589,0.023127999156713486,0.02403699979186058,19847561
2024-05-25T00:00:00.000000Z,0.02403699979186058,0.02450300008058548,0.023977000266313553,0.024282999336719513,14639295
2024-05-26T00:00:00.000000Z,0.024282999336719513,0.024397000670433044,0.023833999410271645,0.023986000567674637,14674055
2024-05-27T00:00:00.000000Z,0.023986000567674637,0.025564000010490417,0.023843999952077866,0.02502799965441227,31481356
2024-05-28T00:00:00.000000Z,0.02502799965441227,0.025080999359488487,0.024098999798297882,0.02480899915099144,28769807
2024-05-29T00:00:00.000000Z,0.02480899915099144,0.025181999430060387,0.024241000413894653,0.024302000179886818,20920659
2024-05-30T00:00:00.000000Z,0.024302000179886818,0.024619000032544136,0.023540999740362167,0.023948999121785164,19010727
2024-05-31T00:00:00.000000Z,0.023948999121785164,0.02396400086581707,0.023250000551342964,0.023662999272346497,16755167
2024-06-01T00:00:00.000000Z,0.023662999272346497,0.023718999698758125,0.023346999660134315,0.023584000766277313,12815076
2024-06-02T00:00:00.000000Z,0.023584000766277313,0.023810999467968941,0.022978000342845917,0.023119000717997551,16543577
2024-06-03T00:00:00.000000Z,0.023119000717997551,0.023603999987244606,0.022919999435544014,0.023145999759435654,20806939
2024-06-04T00:00:00.000000Z,0.023145999759435654,0.023707000538706779,0.022850999608635902,0.023600000888109207,18745842
2024-06-05T00:00:00.000000Z,0.023600000888109207,0.024106999859213829,0.023430999368429184,0.024079000577330589,20371823
2024-06-06T00:00:00.000000Z,0.024079000577330589,0.024227000772953033,0.023538000881671906,0.02379399910569191,18676407
2024-06-07T00:00:00.000000Z,0.02379399910569191,0.025109000504016876,0.021087000146508217,0.0226259995251894,49774411
2024-06-08T00:00:00.000000Z,0.022628000006079674,0.022653000429272652,0.020934000611305237,0.021104000508785248,24855981
2024-06-09T00:00:00.000000Z,0.021103000268340111,0.021630000323057175,0.020981000736355782,0.021531000733375549,15558220
2024-06-10T00:00:00.000000Z,0.021530000492930412,0.021719999611377716,0.020913999527692795,0.02115200087428093,16138415
2024-06-11T00:00:00.000000Z,0.021152999252080917,0.021284999325871468,0.01978600025177002,0.020127000287175179,18528192
2024-06-12T00:00:00.000000Z,0.020127000287175179,0.021493000909686089,0.019755000248551369,0.021010000258684158,17899543
2024-06-13T00:00:00.000000Z,0.021010000258684158,0.021124999970197678,0.019884999841451645,0.019964000210165977,17024968
2024-06-14T00:00:00.000000Z,0.019961999729275703,0.02036299929022789,0.018921000882983208,0.019329000264406204,17504545
2024-06-15T00:00:00.000000Z,0.019329000264406204,0.019933000206947327,0.019328000023961067,0.019752999767661095,9465062
2024-06-16T00:00:00.000000Z,0.019752999767661095,0.019876999780535698,0.019350999966263771,0.019657999277114868,10349731
2024-06-17T00:00:00.000000Z,0.019657999277114868,0.019838999956846237,0.017791999503970146,0.017955999821424484,21897093
2024-06-18T00:00:00.000000Z,0.01795399934053421,0.017997000366449356,0.01571200042963028,0.016875000670552254,27504928
2024-06-19T00:00:00.000000Z,0.016874000430107117,0.017645999789237976,0.016692999750375748,0.017168000340461731,13826106
2024-06-20T00:00:00.000000Z,0.017168000340461731,0.018350999802350998,0.017092000693082809,0.017155999317765236,18415258
2024-06-21T00:00:00.000000Z,0.017156999558210373,0.01764800027012825,0.017006000503897667,0.017016999423503876,13991308
2024-06-22T00:00:00.000000Z,0.017013000324368477,0.017389999702572823,0.016851000487804413,0.017340999096632004,8927443
2024-06-23T00:00:00.000000Z,0.017340999096632004,0.017706999555230141,0.016849000006914139,0.016923999413847923,9455004
2024-06-24T00:00:00.000000Z,0.01692499965429306,0.017331000417470932,0.016364000737667084,0.01730399951338768,16358357
2024-06-25T00:00:00.000000Z,0.01730399951338768,0.018143000081181526,0.017217999324202538,0.017711000517010689,13119195
2024-06-26T00:00:00.000000Z,0.017712000757455826,0.018017999827861786,0.017387000843882561,0.017683999612927437,12017968
2024-06-27T00:00:00.000000Z,0.017683999612927437,0.018201999366283417,0.017317000776529312,0.018075000494718552,13158998
2024-06-28T00:00:00.000000Z,0.018071999773383141,0.018176000565290451,0.017371999099850655,0.017401000484824181,12734968
2024-06-29T00:00:00.000000Z,0.017402000725269318,0.017781000584363937,0.017037000507116318,0.017085000872612,10866438
2024-06-30T00:00:00.000000Z,0.017085000872612,0.017826000228524208,0.016971999779343605,0.017790000885725021,12427283
2024-07-01T00:00:00.000000Z,0.017788000404834747,0.018014000728726387,0.017046000808477402,0.017154999077320099,13143061
2024-07-02T00:00:00.000000Z,0.017154999077320099,0.017734000459313393,0.01704699918627739,0.017658999189734459,13378745
2024-07-03T00:00:00.000000Z,0.017658000811934471,0.017669999971985817,0.016623999923467636,0.016871999949216843,13138161
2024-07-04T00:00:00.000000Z,0.016870999708771706,0.017004000023007393,0.015168000012636185,0.015224000439047813,18783014
2024-07-05T00:00:00.000000Z,0.015217999927699566,0.015232999809086323,0.01334800012409687,0.014867999590933323,33553628
2024-07-06T00:00:00.000000Z,0.01486899983137846,0.015819000080227852,0.014666999690234661,0.015684999525547028,13697640
2024-07-07T00:00:00.000000Z,0.015681000426411629,0.015681000426411629,0.014400999993085861,0.014487000182271004,13198506
2024-07-08T00:00:00.000000Z,0.014485999941825867,0.015376999974250793,0.013898000121116638,0.014860000461339951,18957606
2024-07-09T00:00:00.000000Z,0.01486200001090765,0.015379000455141068,0.014733999967575073,0.015289000235497952,13283426
2024-07-10T00:00:00.000000Z,0.015287999995052814,0.015861999243497849,0.015075000002980232,0.01572900079190731,13340211
2024-07-11T00:00:00.000000Z,0.015732999891042709,0.016090000048279762,0.015375999733805656,0.015448999591171741,14503638
2024-07-12T00:00:00.000000Z,0.015448000282049179,0.015718000009655952,0.015197999775409698,0.01569800078868866,12456997
2024-07-13T00:00:00.000000Z,0.01569800078868866,0.016543999314308167,0.015650000423192978,0.016404999420046806,11595731
2024-07-14T00:00:00.000000Z,0.016403999179601669,0.016510000452399254,0.0161569993942976,0.016392000019550323,11976042
2024-07-15T00:00:00.000000Z,0.016394000500440598,0.017341999337077141,0.016394000500440598,0.017340000718832016,21005622
2024-07-16T00:00:00.000000Z,0.017339000478386879,0.017870999872684479,0.016602000221610069,0.017590999603271484,20921376
2024-07-17T00:00:00.000000Z,0.017593000084161758,0.018007000908255577,0.017335999757051468,0.017427999526262283,18263942
2024-07-18T00:00:00.000000Z,0.017426999285817146,0.017795000225305557,0.016898000612854958,0.017210999503731728,14190286
2024-07-19T00:00:00.000000Z,0.017211999744176865,0.018139999359846115,0.017004000023007393,0.017859000712633133,16580354
2024-07-20T00:00:00.000000Z,0.017859000712633133,0.018079999834299088,0.017692999914288521,0.017913000658154488,12260698
2024-07-21T00:00:00.000000Z,0.017913000658154488,0.018177999183535576,0.017225999385118484,0.018098000437021255,15880789
2024-07-22T00:00:00.000000Z,0.018098000437021255,0.018242999911308289,0.01725500077009201,0.017373999580740929,23986120
2024-07-23T00:00:00.000000Z,0.017373999580740929,0.017722999677062035,0.01675800047814846,0.016919000074267387,16174672
2024-07-24T00:00:00.000000Z,0.016920000314712524,0.017450999468564987,0.016704000532627106,0.016791999340057373,12811109
2024-07-25T00:00:00.000000Z,0.016791999340057373,0.016834000125527382,0.015589999966323376,0.016373999416828156,17816629
2024-07-26T00:00:00.000000Z,0.016373999416828156,0.017239000648260117,0.016346000134944916,0.017223000526428223,12224648
2024-07-27T00:00:00.000000Z,0.017223000526428223,0.017511999234557152,0.017035000026226044,0.017309999093413353,12528431
2024-07-28T00:00:00.000000Z,0.017309999093413353,0.017378000542521477,0.016876000910997391,0.01712300069630146,10230113
2024-07-29T00:00:00.000000Z,0.01712300069630146,0.017539000138640404,0.016863999888300896,0.017176000401377678,14398929
2024-07-30T00:00:00.000000Z,0.017176000401377678,0.017356999218463898,0.016549000516533852,0.016806000843644142,12223900
2024-07-31T00:00:00.000000Z,0.016806000843644142,0.01699800044298172,0.016245000064373016,0.016351999714970589,13433462
2024-08-01T00:00:00.000000Z,0.016351999714970589,0.016436999663710594,0.015033000148832798,0.016116000711917877,17865115
2024-08-02T00:00:00.000000Z,0.016116000711917877,0.016139000654220581,0.014907999895513058,0.015007000416517258,16212258
2024-08-03T00:00:00.000000Z,0.015007000416517258,0.01526699960231781,0.01397200021892786,0.014244000427424908,14608441
2024-08-04T00:00:00.000000Z,0.014244000427424908,0.014399000443518162,0.0131029998883605,0.013512000441551208,16497790
2024-08-05T00:00:00.000000Z,0.013512000441551208,0.0135690001770854,0.010894999839365482,0.012391000054776669,47174718
2024-08-06T00:00:00.000000Z,0.012391000054776669,0.013280999846756458,0.012381000444293022,0.013038000091910362,15746278
2024-08-07T00:00:00.000000Z,0.013036999851465225,0.013406000100076199,0.012435999698936939,0.01259899977594614,14988560
2024-08-08T00:00:00.000000Z,0.01259899977594614,0.014089000411331654,0.012442000210285187,0.014076000079512596,13895988
2024-08-09T00:00:00.000000Z,0.014076000079512596,0.01408000010997057,0.013550000265240669,0.013883000239729881,11532958
2024-08-10T00:00:00.000000Z,0.013883000239729881,0.014276999980211258,0.013763000257313251,0.014221999794244766,9802710
2024-08-11T00:00:00.000000Z,0.014221999794244766,0.014516999945044518,0.01334800012409687,0.013353000394999981,11512278
2024-08-12T00:00:00.000000Z,0.013353000394999981,0.014197999611496925,0.013302000239491463,0.013954999856650829,14255794
2024-08-13T00:00:00.000000Z,0.013954999856650829,0.014124000445008278,0.013526000082492828,0.01397900003939867,10821597
2024-08-14T00:00:00.000000Z,0.01397900003939867,0.014038000255823135,0.013464000076055527,0.013671999797224998,11811561
2024-08-15T00:00:00.000000Z,0.013671999797224998,0.013896999880671501,0.01307000033557415,0.013283999636769295,12538421
2024-08-16T00:00:00.000000Z,0.013283999636769295,0.013419999741017818,0.012807999737560749,0.013189000077545643,10515410
2024-08-17T00:00:00.000000Z,0.013189000077545643,0.01344200037419796,0.013085000216960907,0.013383000157773495,8508410
2024-08-18T00:00:00.000000Z,0.013383000157773495,0.0137339998036623,0.0132020004093647,0.0133689995855093,10011191
2024-08-19T00:00:00.000000Z,0.0133689995855093,0.013728000223636627,0.013108000159263611,0.013686999678611755,14244908
2024-08-20T00:00:00.000000Z,0.013686999678611755,0.01399299968034029,0.01345600001513958,0.013798999600112438,11563769
2024-08-21T00:00:00.000000Z,0.013798999600112438,0.014488000422716141,0.013655999675393105,0.014317000284790993,11952723
2024-08-22T00:00:00.000000Z,0.014317000284790993,0.014736000448465347,0.014152999967336655,0.014701000414788723,12164233
2024-08-23T00:00:00.000000Z,0.014701000414788723,0.015581999905407429,0.014666999690234661,0.015472999773919582,16130170
2024-08-24T00:00:00.000000Z,0.015472999773919582,0.016046000644564629,0.015255999751389027,0.015714999288320541,14754966
2024-08-25T00:00:00.000000Z,0.015714999288320541,0.015766000375151634,0.015073000453412533,0.015444999560713768,12984218
2024-08-26T00:00:00.000000Z,0.015444999560713768,0.015530000440776348,0.014422999694943428,0.014453999698162079,13470026
2024-08-27T00:00:00.000000Z,0.014453999698162079,0.014764999970793724,0.013419000431895256,0.013689000159502029,13684924
2024-08-28T00:00:00.000000Z,0.013689000159502029,0.014032999984920025,0.013145999982953072,0.013536999933421612,13334948
2024-08-29T00:00:00.000000Z,0.013536999933421612,0.014103000052273273,0.013454999774694443,0.013598999939858913,11401670
2024-08-30T00:00:00.000000Z,0.013598999939858913,0.013709999620914459,0.013042000122368336,0.013543000444769859,11724127
2024-08-31T00:00:00.000000Z,0.013543000444769859,0.013619000092148781,0.013186000287532806,0.013291000388562679,7551233
2024-09-01T00:00:00.000000Z,0.013291000388562679,0.013291999697685242,0.012768000364303589,0.012848000042140484,9905597
2024-09-02T00:00:00.000000Z,0.012848000042140484,0.013589000329375267,0.01271899975836277,0.013546000234782696,10916107
2024-09-03T00:00:00.000000Z,0.013546000234782696,0.0138330003246665,0.013110999949276447,0.013136000372469425,13172871
2024-09-04T00:00:00.000000Z,0.013136000372469425,0.013612999580800533,0.012600000016391277,0.013419000431895256,13838886
2024-09-05T00:00:00.000000Z,0.013419000431895256,0.013482999987900257,0.012873000465333462,0.013000000268220901,10405318
2024-09-06T00:00:00.000000Z,0.013000000268220901,0.013341999612748623,0.012199000455439091,0.012531000189483166,14957674
2024-09-07T00:00:00.000000Z,0.012531000189483166,0.013078999705612659,0.01243400014936924,0.012741000391542912,11396046
2024-09-08T00:00:00.000000Z,0.012741000391542912,0.013112000189721584,0.012666000053286552,0.012865999713540077,11498414
2024-09-09T00:00:00.000000Z,0.012865999713540077,0.013389999978244305,0.012752000242471695,0.013306000269949436,13726354
2024-09-10T00:00:00.000000Z,0.013306000269949436,0.013477999716997147,0.013140999712049961,0.013361000455915928,11241592
2024-09-11T00:00:00.000000Z,0.013361000455915928,0.013391000218689442,0.012846999801695347,0.013247000053524971,12152010
2024-09-12T00:00:00.000000Z,0.013247000053524971,0.013578999787569046,0.013245999813079834,0.013543000444769859,11247826
2024-09-13T00:00:00.000000Z,0.013543000444769859,0.013915999792516232,0.013477999716997147,0.013810999691486359,10815355
2024-09-14T00:00:00.000000Z,0.013810999691486359,0.013919999822974205,0.013558000326156616,0.013735000044107437,12346920
2024-09-15T00:00:00.000000Z,0.013735000044107437,0.013939999975264072,0.013183999806642532,0.013302000239491463,10700745
2024-09-16T00:00:00.000000Z,0.013302000239491463,0.013491000048816204,0.012876999564468861,0.013082999736070633,13055216
2024-09-17T00:00:00.000000Z,0.013082000426948071,0.013597999699413776,0.012950999662280083,0.013496000319719315,10668049
2024-09-18T00:00:00.000000Z,0.013496000319719315,0.013747000135481358,0.013016999699175358,0.013747000135481358,12699648
2024-09-19T00:00:00.000000Z,0.013747000135481358,0.014380999840795994,0.013743000105023384,0.014240000396966934,16533315
2024-09-20T00:00:00.000000Z,0.014240000396966934,0.014856000430881977,0.014204000122845173,0.014686999842524529,15463313
2024-09-21T00:00:00.000000Z,0.014686999842524529,0.015731999650597572,0.014680000022053719,0.015556000173091888,25370350
2024-09-22T00:00:00.000000Z,0.015556000173091888,0.015556000173091888,0.014557000249624252,0.014941000379621983,15389559
2024-09-23T00:00:00.000000Z,0.014941000379621983,0.015515999868512154,0.014751000329852104,0.015453999862074852,14983395
2024-09-24T00:00:00.000000Z,0.015453999862074852,0.01591699942946434,0.015075000002980232,0.01587199978530407,16597635
2024-09-25T00:00:00.000000Z,0.01587199978530407,0.015984000638127327,0.015580000355839729,0.015625,14230165
2024-09-26T00:00:00.000000Z,0.015625,0.0164209995418787,0.015407999977469444,0.01614999957382679,17129828
2024-09-27T00:00:00.000000Z,0.01614999957382679,0.01685200072824955,0.016014000400900841,0.016705000773072243,28311225
2024-09-28T00:00:00.000000Z,0.016705000773072243,0.016897000372409821,0.015912000089883804,0.016152000054717064,13884571
2024-09-29T00:00:00.000000Z,0.016152000054717064,0.016233000904321671,0.015683000907301903,0.016025999560952187,11482972
2024-09-30T00:00:00.000000Z,0.016025999560952187,0.016069000586867332,0.014913000166416168,0.014998000115156174,17545220
2024-10-01T00:00:00.000000Z,0.014998000115156174,0.015534999780356884,0.01371300034224987,0.013845000416040421,23754220
2024-10-02T00:00:00.000000Z,0.013845000416040421,0.014457999728620052,0.013411000370979309,0.013655000366270542,21426278
2024-10-03T00:00:00.000000Z,0.013655000366270542,0.013942000456154346,0.013240000233054161,0.013627000153064728,15437663
2024-10-04T00:00:00.000000Z,0.013627000153064728,0.01423299964517355,0.013546000234782696,0.014144999906420708,11886176
2024-10-05T00:00:00.000000Z,0.014144999906420708,0.014352999627590179,0.013891999609768391,0.01411299966275692,9508230
2024-10-06T00:00:00.000000Z,0.01411299966275692,0.014523000456392765,0.014065000228583813,0.014469999819993973,9468435
2024-10-07T00:00:00.000000Z,0.014469999819993973,0.014891999773681164,0.0143630001693964,0.014390000142157078,13353424
2024-10-08T00:00:00.000000Z,0.014390000142157078,0.014577999711036682,0.014156999997794628,0.014267999678850174,11842462
2024-10-09T00:00:00.000000Z,0.014267999678850174,0.014821000397205353,0.013803999871015549,0.013984999619424343,19213132
2024-10-10T00:00:00.000000Z,0.013984999619424343,0.014189000241458416,0.013551999814808369,0.013961999677121639,12102302
2024-10-11T00:00:00.000000Z,0.013961999677121639,0.014593999832868576,0.013888999819755554,0.014479000121355057,9790064
2024-10-12T00:00:00.000000Z,0.014479000121355057,0.014914000406861305,0.014479000121355057,0.014812000095844269,11750528
2024-10-13T00:00:00.000000Z,0.014812000095844269,0.014910000376403332,0.014387999661266804,0.014808000065386295,10207813
2024-10-14T00:00:00.000000Z,0.014808000065386295,0.015859000384807587,0.014618000015616417,0.015437000431120396,24237971
2024-10-15T00:00:00.000000Z,0.015437000431120396,0.015690999105572701,0.014693999662995338,0.015297000296413898,21141247
2024-10-16T00:00:00.000000Z,0.015297000296413898,0.015352999791502953,0.014879000373184681,0.014980999752879143,12618519
2024-10-17T00:00:00.000000Z,0.014980999752879143,0.015122000128030777,0.014446999877691269,0.014646999537944794,13153593
2024-10-18T00:00:00.000000Z,0.014646999537944794,0.015134000219404697,0.014618000015616417,0.015119999647140503,12845450
2024-10-19T00:00:00.000000Z,0.015119999647140503,0.015848999843001366,0.015119999647140503,0.015422999858856201,19401674
2024-10-20T00:00:00.000000Z,0.015422999858856201,0.016171000897884369,0.015189999714493752,0.016099000349640846,17533046
2024-10-21T00:00:00.000000Z,0.016100000590085983,0.016323000192642212,0.015312000177800655,0.015738999471068382,28011567
2024-10-22T00:00:00.000000Z,0.015738999471068382,0.015739999711513519,0.014987999573349953,0.015248999930918217,21644406
2024-10-23T00:00:00.000000Z,0.015248999930918217,0.015270000323653221,0.014320000074803829,0.014659999869763851,16248466
2024-10-24T00:00:00.000000Z,0.01459799986332655,0.015417999587953091,0.014510000124573708,0.015200999565422535,20665966
2024-10-25T00:00:00.000000Z,0.015200999565422535,0.015401000156998634,0.013690000399947166,0.014041000045835972,21733820
2024-10-26T00:00:00.000000Z,0.014041000045835972,0.014353999868035316,0.013844000175595284,0.013981999829411507,13895191
2024-10-27T00:00:00.000000Z,0.013981999829411507,0.014379000291228294,0.013903999701142311,0.014259000308811665,12318723
2024-10-28T00:00:00.000000Z,0.014259000308811665,0.014320000074803829,0.013759000226855278,0.014213999733328819,17419640
2024-10-29T00:00:00.000000Z,0.014213999733328819,0.014903999865055084,0.014189999550580978,0.014751000329852104,17089299
2024-10-30T00:00:00.000000Z,0.014751000329852104,0.015255000442266464,0.01462200004607439,0.014670999720692635,21352332
2024-10-31T00:00:00.000000Z,0.014670999720692635,0.014673000201582909,0.013735000044107437,0.013880000449717045,14255880
2024-11-01T00:00:00.000000Z,0.013880000449717045,0.01421700045466423,0.013639000244438648,0.013910000212490559,13958942
2024-11-02T00:00:00.000000Z,0.013910000212490559,0.014186999760568142,0.013500000350177288,0.013629999943077564,9960768
2024-11-03T00:00:00.000000Z,0.013629999943077564,0.013662000186741352,0.012783000245690346,0.013116000220179558,19310808
2024-11-04T00:00:00.000000Z,0.013116000220179558,0.013305000029504299,0.01254700031131506,0.012776999734342098,13353688
2024-11-05T00:00:00.000000Z,0.012776999734342098,0.013512999750673771,0.012776999734342098,0.013402000069618225,14374734
2024-11-06T00:00:00.000000Z,0.013402000069618225,0.014588000252842903,0.013395000249147415,0.014494000002741814,26270756
2024-11-07T00:00:00.000000Z,0.014494000002741814,0.014836999587714672,0.014262000098824501,0.014506000094115734,18545849
2024-11-08T00:00:00.000000Z,0.014506000094115734,0.014762000180780888,0.014232000336050987,0.014762000180780888,17375016
2024-11-09T00:00:00.000000Z,0.014762000180780888,0.015196999534964561,0.014522000215947628,0.015158999711275101,19754139
2024-11-10T00:00:00.000000Z,0.015158999711275101,0.016665000468492508,0.01498700026422739,0.016160000115633011,41573736
2024-11-11T00:00:00.000000Z,0.016160000115633011,0.018481999635696411,0.015833999961614609,0.018270000815391541,92308041
2024-11-12T00:00:00.000000Z,0.018270000815391541,0.018781000748276711,0.016634000465273857,0.01767599955201149,76582011
2024-11-13T00:00:00.000000Z,0.01767599955201149,0.017839999869465828,0.016085999086499214,0.01713000051677227,49593799
2024-11-14T00:00:00.000000Z,0.01713000051677227,0.017601000145077705,0.016201000660657883,0.016426999121904373,34783806
2024-11-15T00:00:00.000000Z,0.016426999121904373,0.018273999914526939,0.015920000150799751,0.018008999526500702,58871052
2024-11-16T00:00:00.000000Z,0.018099000677466393,0.020874999463558197,0.018014999106526375,0.020486000925302505,79525016
2024-11-17T00:00:00.000000Z,0.020486000925302505,0.021637000143527985,0.018505999818444252,0.018727000802755356,57860983
2024-11-18T00:00:00.000000Z,0.018727000802755356,0.021825000643730164,0.018602000549435616,0.020824000239372253,72676444
2024-11-19T00:00:00.000000Z,0.020824000239372253,0.021592000499367714,0.020139999687671661,0.020802000537514687,49961477
2024-11-20T00:00:00.000000Z,0.020802000537514687,0.020802000537514687,0.019416000694036484,0.019728999584913254,36727701
2024-11-21T00:00:00.000000Z,0.019728999584913254,0.020899999886751175,0.01915300078690052,0.020867999643087387,42963315
2024-11-22T00:00:00.000000Z,0.020867999643087387,0.022258000448346138,0.020498000085353851,0.022257000207901001,52547377
2024-11-23T00:00:00.000000Z,0.022257000207901001,0.025222999975085258,0.021963000297546387,0.024403000250458717,107310958
2024-11-24T00:00:00.000000Z,0.024403000250458717,0.026517000049352646,0.022712999954819679,0.024659000337123871,95509280
2024-11-25T00:00:00.000000Z,0.024659000337123871,0.025667000561952591,0.022926999256014824,0.023439999669790268,67502520
2024-11-26T00:00:00.000000Z,0.023437999188899994,0.025241000577807426,0.022538000717759132,0.024677999317646027,75894782
2024-11-27T00:00:00.000000Z,0.024677999317646027,0.025837000459432602,0.024054000154137611,0.025696000084280968,58098407
2024-11-28T00:00:00.000000Z,0.025696000084280968,0.025710999965667725,0.024348000064492226,0.025111999362707138,42084128
2024-11-29T00:00:00.000000Z,0.025111999362707138,0.026835000142455101,0.024305000901222229,0.026291999965906143,59557064
2024-11-30T00:00:00.000000Z,0.026291999965906143,0.027257999405264854,0.025859000161290169,0.026461999863386154,77239456
2024-12-01T00:00:00.000000Z,0.026461999863386154,0.027313999831676483,0.025479000061750412,0.026854999363422394,55359666
2024-12-02T00:00:00.000000Z,0.026854999363422394,0.031442001461982727,0.025433000177145004,0.030449999496340752,192590093
2024-12-03T00:00:00.000000Z,0.030449999496340752,0.037346001714468002,0.030386000871658325,0.035245001316070557,454073164
2024-12-04T00:00:00.000000Z,0.035245001316070557,0.035877998918294907,0.032439999282360077,0.033907998353242874,166883061
2024-12-05T00:00:00.000000Z,0.033907998353242874,0.036238998174667358,0.032372999936342239,0.035213999450206757,179221315
2024-12-06T00:00:00.000000Z,0.035183001309633255,0.036456000059843063,0.032806001603603363,0.035953998565673828,129602376
2024-12-07T00:00:00.000000Z,0.035953998565673828,0.037312999367713928,0.034435998648405075,0.035073000937700272,102714632
2024-12-08T00:00:00.000000Z,0.034926000982522964,0.035151001065969467,0.033833999186754227,0.034922000020742416,63995944
2024-12-09T00:00:00.000000Z,0.034922000020742416,0.034933000802993774,0.025566000491380692,0.028001999482512474,128061613
2024-12-10T00:00:00.000000Z,0.028001999482512474,0.028124000877141953,0.023894000798463821,0.026536999270319939,110163567
2024-12-11T00:00:00.000000Z,0.026536999270319939,0.028640000149607658,0.025325000286102295,0.028361000120639801,68402826
2024-12-12T00:00:00.000000Z,0.028361000120639801,0.029686000198125839,0.027915999293327332,0.028334999457001686,72528892
2024-12-13T00:00:00.000000Z,0.028334999457001686,0.028643000870943069,0.027374999597668648,0.028615999966859818,58382601
2024-12-14T00:00:00.000000Z,0.028615999966859818,0.028711000457406044,0.026210000738501549,0.026770999655127525,40880544
2024-12-15T00:00:00.000000Z,0.026770999655127525,0.027876999229192734,0.026053000241518021,0.027607999742031097,45124604
2024-12-16T00:00:00.000000Z,0.027607999742031097,0.028226999565958977,0.025855999439954758,0.026561999693512917,46610873
2024-12-17T00:00:00.000000Z,0.026561999693512917,0.026606999337673187,0.025033999234437943,0.025315999984741211,47883000
2024-12-18T00:00:00.000000Z,0.025315999984741211,0.025405000895261765,0.022295000031590462,0.022323999553918839,61862050
2024-12-19T00:00:00.000000Z,0.022323999553918839,0.022893000394105911,0.019764000549912453,0.020317999646067619,73051032
2024-12-20T00:00:00.000000Z,0.020317999646067619,0.021658999845385551,0.017883000895380974,0.02142300084233284,70401964
2024-12-21T00:00:00.000000Z,0.02142300084233284,0.023302000015974045,0.020163999870419502,0.020432999357581139,44367705
2024-12-22T00:00:00.000000Z,0.020432999357581139,0.021609000861644745,0.020200999453663826,0.020721999928355217,36072101
2024-12-23T00:00:00.000000Z,0.020721999928355217,0.022530000656843185,0.020284000784158707,0.022339999675750732,43695735
2024-12-24T00:00:00.000000Z,0.022339999675750732,0.023947000503540039,0.021680999547243118,0.023531999439001083,37159302
2024-12-25T00:00:00.000000Z,0.023531999439001083,0.023531999439001083,0.022332999855279922,0.022553000599145889,32248965
2024-12-26T00:00:00.000000Z,0.022553000599145889,0.022765999659895897,0.020767999812960625,0.020955000072717667,29148696
2024-12-27T00:00:00.000000Z,0.020955000072717667,0.022119000554084778,0.020837999880313873,0.021018000319600105,29946303
2024-12-28T00:00:00.000000Z,0.021018000319600105,0.022156000137329102,0.021017000079154968,0.022064000368118286,24151631
2024-12-29T00:00:00.000000Z,0.022064000368118286,0.022138999775052071,0.020578999072313309,0.020878000184893608,22267417
2024-12-30T00:00:00.000000Z,0.020878000184893608,0.021773999556899071,0.020193999633193016,0.02083900012075901,32519923
2024-12-31T00:00:00.000000Z,0.02083900012075901,0.021123999729752541,0.019980000331997871,0.020095000043511391,27620694
2025-01-01T00:00:00.000000Z,0.020095000043511391,0.021308999508619308,0.019724000245332718,0.021157000213861465,27709097
2025-01-02T00:00:00.000000Z,0.021157000213861465,0.02187499962747097,0.02115200087428093,0.021539000794291496,28473068
2025-01-03T00:00:00.000000Z,0.021539000794291496,0.023437999188899994,0.021284999325871468,0.023243999108672142,29896415
2025-01-04T00:00:00.000000Z,0.023243999108672142,0.023330999538302422,0.02270900085568428,0.023205999284982681,25062605
2025-01-05T00:00:00.000000Z,0.023205999284982681,0.023306999355554581,0.02263999916613102,0.023156000301241875,23080339
2025-01-06T00:00:00.000000Z,0.023156000301241875,0.025009000673890114,0.022816000506281853,0.024379000067710876,43753844
2025-01-07T00:00:00.000000Z,0.024379000067710876,0.024449000135064125,0.021428000181913376,0.021428000181913376,39813339
2025-01-08T00:00:00.000000Z,0.021428000181913376,0.021794000640511513,0.019957000389695168,0.020988000556826591,43523383
2025-01-09T00:00:00.000000Z,0.020988000556826591,0.021679999306797981,0.020517000928521156,0.021438000723719597,48435270
2025-01-10T00:00:00.000000Z,0.021438000723719597,0.022262999787926674,0.020814999938011169,0.022048000246286392,38881288
2025-01-11T00:00:00.000000Z,0.022048000246286392,0.022390000522136688,0.021183999255299568,0.021601999178528786,22240818
2025-01-12T00:00:00.000000Z,0.021601999178528786,0.022072000429034233,0.020733999088406563,0.020983999595046043,20992848
2025-01-13T00:00:00.000000Z,0.020983999595046043,0.021556999534368515,0.018921999260783195,0.020155999809503555,37413090
2025-01-14T00:00:00.000000Z,0.020155999809503555,0.021699000149965286,0.019951999187469482,0.021573999896645546,28023725
2025-01-15T00:00:00.000000Z,0.021573999896645546,0.023055000230669975,0.020929999649524689,0.023029999807476997,34038378
2025-01-16T00:00:00.000000Z,0.02302899956703186,0.023110000416636467,0.021890999749302864,0.02251099981367588,35080073
2025-01-17T00:00:00.000000Z,0.02251099981367588,0.023753000423312187,0.022507999092340469,0.023646000772714615,38710375
2025-01-18T00:00:00.000000Z,0.023646000772714615,0.023786000907421112,0.02150299958884716,0.021988000720739365,37429621
2025-01-19T00:00:00.000000Z,0.021988000720739365,0.022546999156475067,0.019520999863743782,0.019734999164938927,57780652
2025-01-20T00:00:00.000000Z,0.019734999164938927,0.02174999937415123,0.019155999645590782,0.019873000681400299,65800941
2025-01-21T00:00:00.000000Z,0.019873000681400299,0.021030999720096588,0.019082000479102135,0.020485000684857368,39345409
2025-01-22T00:00:00.000000Z,0.020485000684857368,0.020604999735951424,0.019902000203728676,0.019982000812888145,21425260
2025-01-23T00:00:00.000000Z,0.019981000572443008,0.020329000428318977,0.019216999411582947,0.019928999245166779,28307810
2025-01-24T00:00:00.000000Z,0.019928999245166779,0.020313000306487083,0.019207000732421875,0.019362000748515129,22176226
2025-01-25T00:00:00.000000Z,0.019362000748515129,0.019680000841617584,0.019161000847816467,0.019442999735474586,14466567
2025-01-26T00:00:00.000000Z,0.019442999735474586,0.020081000402569771,0.019200000911951065,0.019200000911951065,17214875
2025-01-27T00:00:00.000000Z,0.019200000911951065,0.019251000136137009,0.017583999782800674,0.018849000334739685,36883785
2025-01-28T00:00:00.000000Z,0.018849000334739685,0.019034000113606453,0.017697000876069069,0.017836000770330429,16472058
2025-01-29T00:00:00.000000Z,0.017836000770330429,0.018594000488519669,0.017464999109506607,0.018045999109745026,22071095
2025-01-30T00:00:00.000000Z,0.018046999350190163,0.019112000241875648,0.01780799962580204,0.018542999401688576,21394076
2025-01-31T00:00:00.000000Z,0.018542999401688576,0.019499000161886215,0.018249999731779099,0.018784999847412109,21282357
2025-02-01T00:00:00.000000Z,0.018784999847412109,0.01929200068116188,0.017260000109672546,0.017417000606656075,21106988
2025-02-02T00:00:00.000000Z,0.017417000606656075,0.017723999917507172,0.014666999690234661,0.015158999711275101,38654698
2025-02-03T00:00:00.000000Z,0.015158999711275101,0.015623999759554863,0.011913999915122986,0.015456000342965126,69299185
2025-02-04T00:00:00.000000Z,0.015456000342965126,0.015700999647378922,0.013876000419259071,0.014511000365018845,33684683
2025-02-05T00:00:00.000000Z,0.014511000365018845,0.014821999706327915,0.014073999598622322,0.014201999641954899,17479319
2025-02-06T00:00:00.000000Z,0.014201999641954899,0.014546000398695469,0.013530000112950802,0.013663000427186489,20842363
2025-02-07T00:00:00.000000Z,0.013663000427186489,0.014448000118136406,0.013314999639987946,0.013705000281333923,21281743
2025-02-08T00:00:00.000000Z,0.013705000281333923,0.014417000114917755,0.013571999967098236,0.014371000230312347,13836913
2025-02-09T00:00:00.000000Z,0.014371000230312347,0.014786000363528728,0.013656999915838242,0.014286999590694904,25427153
2025-02-10T00:00:00.000000Z,0.014286999590694904,0.014932000078260899,0.013857999816536903,0.014878000132739544,20911416
2025-02-11T00:00:00.000000Z,0.014878000132739544,0.015348999761044979,0.01449699979275465,0.01473500020802021,19958146
2025-02-12T00:00:00.000000Z,0.01473500020802021,0.01563899964094162,0.01423799991607666,0.015509000048041344,23803522
2025-02-13T00:00:00.000000Z,0.015509000048041344,0.015580000355839729,0.014747000299394131,0.015049999579787254,19561310
2025-02-14T00:00:00.000000Z,0.015049999579787254,0.015523999929428101,0.01502699963748455,0.015261000022292137,18524511
2025-02-15T00:00:00.000000Z,0.015261000022292137,0.015376999974250793,0.014601999893784523,0.0147299999371171,15323617
2025-02-16T00:00:00.000000Z,0.0147299999371171,0.0150950001552701,0.014570999890565872,0.014570999890565872,14592768
2025-02-17T00:00:00.000000Z,0.014570999890565872,0.015138999558985233,0.014356999658048153,0.014763999730348587,18939675
2025-02-18T00:00:00.000000Z,0.014763999730348587,0.014837999828159809,0.013737999834120274,0.014101999811828136,18809828
2025-02-19T00:00:00.000000Z,0.014101999811828136,0.014551999978721142,0.013962999917566776,0.014446999877691269,14252611
2025-02-20T00:00:00.000000Z,0.014446999877691269,0.014917000196874142,0.014430999755859375,0.014878000132739544,15766590
2025-02-21T00:00:00.000000Z,0.014878000132739544,0.015514999628067017,0.014198999851942062,0.014414000324904919,22337780
2025-02-22T00:00:00.000000Z,0.014414000324904919,0.015039999969303608,0.014384999871253967,0.014941000379621983,14244060
2025-02-23T00:00:00.000000Z,0.014941000379621983,0.015038999728858471,0.014484000392258167,0.01461699977517128,13003798
2025-02-24T00:00:00.000000Z,0.01461699977517128,0.014670999720692635,0.013020999729633331,0.01310999970883131,21610957
2025-02-25T00:00:00.000000Z,0.01310999970883131,0.013472000136971474,0.012365999631583691,0.013302000239491463,27650018
2025-02-26T00:00:00.000000Z,0.013302000239491463,0.013507000170648098,0.012814999558031559,0.013319999910891056,19488714
2025-02-27T00:00:00.000000Z,0.013319999910891056,0.014038999564945698,0.013240999542176723,0.013757999986410141,19245095
2025-02-28T00:00:00.000000Z,0.013757999986410141,0.013807999901473522,0.01256099995225668,0.013683999888598919,25585885
2025-03-01T00:00:00.000000Z,0.013683999888598919,0.013801000081002712,0.013119000010192394,0.013499000109732151,14217099
2025-03-02T00:00:00.000000Z,0.013499000109732151,0.014976000413298607,0.01331700012087822,0.014860999770462513,25740151
2025-03-03T00:00:00.000000Z,0.014860999770462513,0.014898000285029411,0.012613000348210335,0.012807999737560749,25162062
2025-03-04T00:00:00.000000Z,0.012808999978005886,0.012866999953985214,0.011869999580085278,0.012740000151097775,25549678
2025-03-05T00:00:00.000000Z,0.012740000151097775,0.013119000010192394,0.012432999908924103,0.013044999912381172,14867882
2025-03-06T00:00:00.000000Z,0.013044999912381172,0.013364999555051327,0.012701000086963177,0.012818999588489532,15263287
2025-03-07T00:00:00.000000Z,0.012818999588489532,0.013240999542176723,0.01218899991363287,0.012807999737560749,18070999
2025-03-08T00:00:00.000000Z,0.012807999737560749,0.013026000000536442,0.012501999735832214,0.012582000344991684,11696818
2025-03-09T00:00:00.000000Z,0.012582000344991684,0.012635000050067902,0.011401000432670116,0.011513999663293362,15743696
2025-03-10T00:00:00.000000Z,0.011513999663293362,0.012490999884903431,0.011253000237047672,0.011281999759376049,26706136
2025-03-11T00:00:00.000000Z,0.011281999759376049,0.012059999629855156,0.010610000230371952,0.011831000447273254,23431714
2025-03-12T00:00:00.000000Z,0.011831000447273254,0.012213000096380711,0.011371999979019165,0.012125000357627869,17535311
2025-03-13T00:00:00.000000Z,0.012125000357627869,0.012399000115692616,0.011583000421524048,0.011877000331878662,21547418
2025-03-14T00:00:00.000000Z,0.011877000331878662,0.012473000213503838,0.011876000091433525,0.01216800045222044,13024381
2025-03-15T00:00:00.000000Z,0.01216800045222044,0.012446999549865723,0.012116000056266785,0.012405999936163425,9130783
2025-03-16T00:00:00.000000Z,0.012405999936163425,0.012431999668478966,0.011819000355899334,0.011900000274181366,12817266
2025-03-17T00:00:00.000000Z,0.011900000274181366,0.012608000077307224,0.011889000423252583,0.012465000152587891,12906508
2025-03-18T00:00:00.000000Z,0.012465000152587891,0.01254700031131506,0.012025999836623669,0.012536999769508839,14233863
2025-03-19T00:00:00.000000Z,0.012536999769508839,0.013003000058233738,0.012508000247180462,0.012986999936401844,17633673
2025-03-20T00:00:00.000000Z,0.012986999936401844,0.01298999972641468,0.012575999833643436,0.012803000397980213,17519572
2025-03-21T00:00:00.000000Z,0.012803000397980213,0.012873000465333462,0.012365000322461128,0.012455999851226807,10650936
2025-03-22T00:00:00.000000Z,0.012455999851226807,0.012706000357866287,0.012380000203847885,0.012481000274419785,8937971
2025-03-23T00:00:00.000000Z,0.012481000274419785,0.012593000195920467,0.012160999700427055,0.012289999984204769,12469786
2025-03-24T00:00:00.000000Z,0.012289999984204769,0.013636000454425812,0.012199000455439091,0.012931999750435352,36638834
2025-03-25T00:00:00.000000Z,0.012931999750435352,0.01320900022983551,0.012903000228106976,0.013171000406146049,12297178
2025-03-26T00:00:00.000000Z,0.013171000406146049,0.013443999923765659,0.012721999548375607,0.012807999737560749,15114773
2025-03-27T00:00:00.000000Z,0.012807999737560749,0.012999000027775764,0.012551999650895596,0.012730999849736691,12247287
2025-03-28T00:00:00.000000Z,0.012730999849736691,0.012730999849736691,0.01157000008970499,0.011707000434398651,16709786
2025-03-29T00:00:00.000000Z,0.011707000434398651,0.011734000407159328,0.011074000038206577,0.011191000230610371,11984234
2025-03-30T00:00:00.000000Z,0.011189999990165234,0.011459000408649445,0.011037000454962254,0.011141000315546989,9364400
2025-03-31T00:00:00.000000Z,0.011141000315546989,0.011485000140964985,0.010885999538004398,0.011307000182569027,14362026
2025-04-01T00:00:00.000000Z,0.011307000182569027,0.011777999810874462,0.011277000419795513,0.011533999815583229,13780938
2025-04-02T00:00:00.000000Z,0.011533999815583229,0.011742999777197838,0.010719999670982361,0.010863999836146832,21256155
2025-04-03T00:00:00.000000Z,0.010863999836146832,0.011212999932467937,0.010607999749481678,0.011111999861896038,13770464
2025-04-04T00:00:00.000000Z,0.011111999861896038,0.011335999704897404,0.010848999954760075,0.01128000020980835,12291316
2025-04-05T00:00:00.000000Z,0.01128000020980835,0.01142599992454052,0.010983999818563461,0.011118999682366848,8196329
2025-04-06T00:00:00.000000Z,0.011118999682366848,0.011132000014185905,0.0098700001835823059,0.010089999996125698,17369075
2025-04-07T00:00:00.000000Z,0.010089999996125698,0.010618000291287899,0.0092810001224279404,0.010079000145196915,29834329
2025-04-08T00:00:00.000000Z,0.010079000145196915,0.010375999845564365,0.0095549998804926872,0.0096180001273751259,43187304
2025-04-09T00:00:00.000000Z,0.0096180001273751259,0.010823000222444534,0.0093270000070333481,0.010689999908208847,104277819
2025-04-10T00:00:00.000000Z,0.010689999908208847,0.010765999555587769,0.010223000310361385,0.010629000142216682,119654991
2025-04-11T00:00:00.000000Z,0.010629000142216682,0.011067000217735767,0.010526999831199646,0.010964999906718731,98384584
2025-04-12T00:00:00.000000Z,0.010964999906718731,0.011514999903738499,0.010831000283360481,0.011478000320494175,43484896
2025-04-13T00:00:00.000000Z,0.011478000320494175,0.011526999995112419,0.010885999538004398,0.011044000275433064,20781336
2025-04-14T00:00:00.000000Z,0.011044000275433064,0.011315999552607536,0.010823000222444534,0.010823000222444534,39659759
2025-04-15T00:00:00.000000Z,0.010823000222444534,0.011219000443816185,0.010758000425994396,0.010836999863386154,85311586
2025-04-16T00:00:00.000000Z,0.010836999863386154,0.011191999539732933,0.010768000036478043,0.010994999669492245,34655870
2025-04-17T00:00:00.000000Z,0.010994999669492245,0.011583000421524048,0.010954000055789948,0.011435999535024166,29392245
2025-04-18T00:00:00.000000Z,0.011435999535024166,0.011849000118672848,0.011266999877989292,0.011669999919831753,19482581
2025-04-19T00:00:00.000000Z,0.011669999919831753,0.012404000386595726,0.011630999855697155,0.011845000088214874,36662633
2025-04-20T00:00:00.000000Z,0.011845000088214874,0.011982999742031097,0.011327999643981457,0.011849000118672848,12523626
2025-04-21T00:00:00.000000Z,0.011849000118672848,0.012113999575376511,0.011683999560773373,0.011765999719500542,16059802
2025-04-22T00:00:00.000000Z,0.011765999719500542,0.012691999785602093,0.011602999642491341,0.012671999633312225,22684218
2025-04-23T00:00:00.000000Z,0.012671999633312225,0.012873000465333462,0.01244799979031086,0.012710000388324261,17675367
2025-04-24T00:00:00.000000Z,0.012710000388324261,0.01305800024420023,0.012246999889612198,0.013055000454187393,16016722
2025-04-25T00:00:00.000000Z,0.013054000213742256,0.013271999545395374,0.012714000418782234,0.013178000226616859,18916703
2025-04-26T00:00:00.000000Z,0.013178000226616859,0.013450000435113907,0.012976000085473061,0.013218999840319157,13293884
2025-04-27T00:00:00.000000Z,0.013218999840319157,0.013294000178575516,0.012733999639749527,0.012803999707102776,13889313
2025-04-28T00:00:00.000000Z,0.012803999707102776,0.013221999630331993,0.012470999732613564,0.013054000213742256,16671806
2025-04-29T00:00:00.000000Z,0.013054000213742256,0.013224000111222267,0.012626999989151955,0.012745999731123447,12140205
2025-04-30T00:00:00.000000Z,0.012745999731123447,0.012814000248908997,0.012250999920070171,0.012751000002026558,13168751
2025-05-01T00:00:00.000000Z,0.012751000002026558,0.01322299987077713,0.012746999971568584,0.013125999830663204,17337821
2025-05-02T00:00:00.000000Z,0.013125999830663204,0.013244000263512135,0.012928999960422516,0.01309600006788969,13709992
2025-05-03T00:00:00.000000Z,0.01309600006788969,0.013098999857902527,0.012276000343263149,0.012396000325679779,13434617
2025-05-04T00:00:00.000000Z,0.012396000325679779,0.01246699970215559,0.011843999847769737,0.011938000097870827,12440034
2025-05-05T00:00:00.000000Z,0.011938000097870827,0.012226000428199768,0.011756000109016895,0.012055999599397182,13677194
2025-05-06T00:00:00.000000Z,0.012055999599397182,0.012147000059485435,0.011481000110507011,0.011947000399231911,16508451
2025-05-07T00:00:00.000000Z,0.011947000399231911,0.01206899993121624,0.011814000084996223,0.011977000162005424,12459658
2025-05-08T00:00:00.000000Z,0.011977000162005424,0.013443999923765659,0.011977000162005424,0.013377999886870384,22711600
2025-05-09T00:00:00.000000Z,0.013377999886870384,0.014115000143647194,0.013377999886870384,0.014109999872744083,25450291
2025-05-10T00:00:00.000000Z,0.014109999872744083,0.014909000135958195,0.013999000191688538,0.014890000224113464,20263021
2025-05-11T00:00:00.000000Z,0.014890000224113464,0.01500799972563982,0.014232000336050987,0.014646000228822231,22587643
2025-05-12T00:00:00.000000Z,0.014646000228822231,0.015316000208258629,0.013898000121116638,0.014461000449955463,29902168
2025-05-13T00:00:00.000000Z,0.014461000449955463,0.015042000450193882,0.013717999681830406,0.014976000413298607,25889617
2025-05-14T00:00:00.000000Z,0.014976000413298607,0.01512799970805645,0.01409200020134449,0.014182999730110168,21324816
2025-05-15T00:00:00.000000Z,0.014182999730110168,0.01434400025755167,0.013194999657571316,0.01357400044798851,23629594
2025-05-16T00:00:00.000000Z,0.01357400044798851,0.013837000355124474,0.013089999556541443,0.013176999986171722,18372248
2025-05-17T00:00:00.000000Z,0.013176999986171722,0.013194999657571316,0.01244600024074316,0.012595999985933304,18205689
2025-05-18T00:00:00.000000Z,0.012595999985933304,0.013230999931693077,0.012261999770998955,0.01308399997651577,20921213
2025-05-19T00:00:00.000000Z,0.01308399997651577,0.013166000135242939,0.012132000178098679,0.012617000378668308,18988247
2025-05-20T00:00:00.000000Z,0.012617000378668308,0.013082999736070633,0.012346000410616398,0.012949000112712383,18360109
2025-05-21T00:00:00.000000Z,0.012949000112712383,0.013319999910891056,0.012652999721467495,0.013187999837100506,22941593
2025-05-22T00:00:00.000000Z,0.013187999837100506,0.013744000345468521,0.013175999745726585,0.01369400043040514,19373875
2025-05-23T00:00:00.000000Z,0.01369400043040514,0.013996000401675701,0.012640000320971012,0.012659000232815742,22773260
2025-05-24T00:00:00.000000Z,0.012657999992370605,0.012907999567687511,0.012467999942600727,0.012543000280857086,14957552
2025-05-25T00:00:00.000000Z,0.012543000280857086,0.012600000016391277,0.012041999958455563,0.012597000226378441,16185868
2025-05-26T00:00:00.000000Z,0.012597000226378441,0.01284400001168251,0.012423999607563019,0.012594999745488167,13961053
2025-05-27T00:00:00.000000Z,0.012594999745488167,0.012981000356376171,0.012322000227868557,0.012853000313043594,14860451
2025-05-28T00:00:00.000000Z,0.012853000313043594,0.012920999899506569,0.012283000163733959,0.012666000053286552,14693376
2025-05-29T00:00:00.000000Z,0.012666000053286552,0.012946999631822109,0.012183999642729759,0.012192999944090843,16241160
2025-05-30T00:00:00.000000Z,0.012192999944090843,0.012260000221431255,0.010998999699950218,0.011022999882698059,27354213
2025-05-31T00:00:00.000000Z,0.011022999882698059,0.011411000043153763,0.01078800018876791,0.011284000240266323,18574231
2025-06-01T00:00:00.000000Z,0.011284000240266323,0.011436999775469303,0.011087999679148197,0.011365000158548355,14277602
2025-06-02T00:00:00.000000Z,0.011363999918103218,0.01180300023406744,0.011220999993383884,0.011788999661803246,13640812
2025-06-03T00:00:00.000000Z,0.011788999661803246,0.012009000405669212,0.011675000190734863,0.011718000285327435,14609025
2025-06-04T00:00:00.000000Z,0.011718000285327435,0.011985000222921371,0.011428999714553356,0.011528000235557556,13431716
2025-06-05T00:00:00.000000Z,0.011528000235557556,0.012140999548137188,0.010618000291287899,0.010808000341057777,37993298
2025-06-06T00:00:00.000000Z,0.01080899965018034,0.011482000350952148,0.010761000216007233,0.011168999597430229,16368848
2025-06-07T00:00:00.000000Z,0.011168999597430229,0.011595999822020531,0.011157000437378883,0.011521999724209309,11224337
2025-06-08T00:00:00.000000Z,0.011521999724209309,0.011649999767541885,0.011454000137746334,0.011516000144183636,10056578
2025-06-09T00:00:00.000000Z,0.011516000144183636,0.012234999798238277,0.011327999643981457,0.012218000367283821,15493319
2025-06-10T00:00:00.000000Z,0.012218000367283821,0.012501000426709652,0.011986999772489071,0.012481000274419785,19774601
2025-06-11T00:00:00.000000Z,0.012481000274419785,0.01248599961400032,0.011905999854207039,0.011977000162005424,17075010
2025-06-12T00:00:00.000000Z,0.011977000162005424,0.012005000375211239,0.011327000334858894,0.011417999863624573,17399244
2025-06-13T00:00:00.000000Z,0.011417999863624573,0.011417999863624573,0.01067699957638979,0.011071000248193741,24381230
2025-06-14T00:00:00.000000Z,0.011071000248193741,0.011096999980509281,0.010793999768793583,0.011086000129580498,9916933
2025-06-15T00:00:00.000000Z,0.011086000129580498,0.011215000413358212,0.010824000462889671,0.011060000397264957,10945336
2025-06-16T00:00:00.000000Z,0.011060000397264957,0.011541999876499176,0.010936999693512917,0.011111999861896038,12838907
2025-06-17T00:00:00.000000Z,0.011111999861896038,0.011250999756157398,0.010629000142216682,0.010735999792814255,15285146
2025-06-18T00:00:00.000000Z,0.010735999792814255,0.01091499999165535,0.010413000360131264,0.010765999555587769,14426409
2025-06-19T00:00:00.000000Z,0.010765999555587769,0.010861000046133995,0.010551000013947487,0.010764000006020069,10208348
2025-06-20T00:00:00.000000Z,0.010764000006020069,0.010994999669492245,0.010347000323235989,0.010564000345766544,13040558
2025-06-21T00:00:00.000000Z,0.010564000345766544,0.010688000358641148,0.0099090002477169037,0.010067000053822994,13192277
2025-06-22T00:00:00.000000Z,0.010067000053822994,0.010185999795794487,0.0094269998371601105,0.0098970001563429832,17860367
2025-06-23T00:00:00.000000Z,0.0098970001563429832,0.010902999900281429,0.0098700001835823059,0.010883999988436699,15457387
2025-06-24T00:00:00.000000Z,0.010883999988436699,0.011092999950051308,0.010830000042915344,0.011064999736845493,12143676
2025-06-25T00:00:00.000000Z,0.011064999736845493,0.011094000190496445,0.010733000002801418,0.01080000028014183,11579221
2025-06-26T00:00:00.000000Z,0.01080000028014183,0.010972999967634678,0.010464999824762344,0.010569999925792217,10356334
2025-06-27T00:00:00.000000Z,0.010569999925792217,0.010727999731898308,0.010455000214278698,0.010649999603629112,9399162
2025-06-28T00:00:00.000000Z,0.010649999603629112,0.010870999656617641,0.010576000437140465,0.01082799956202507,6936262
2025-06-29T00:00:00.000000Z,0.01082799956202507,0.01118599995970726,0.010706000030040741,0.011138999834656715,8850075
2025-06-30T00:00:00.000000Z,0.011138999834656715,0.011152000166475773,0.010637000203132629,0.010715999640524387,10715760
2025-07-01T00:00:00.000000Z,0.010715999640524387,0.010754999704658985,0.010192000307142735,0.010232999920845032,11116840
2025-07-02T00:00:00.000000Z,0.010232999920845032,0.011226000264286995,0.010192000307142735,0.011056999675929546,13010907
2025-07-03T00:00:00.000000Z,0.011056999675929546,0.011322000063955784,0.010936000384390354,0.0110470000654459,107052311
2025-07-04T00:00:00.000000Z,0.0110470000654459,0.011094000190496445,0.010395999997854233,0.010494999587535858,28226266
2025-07-05T00:00:00.000000Z,0.010494999587535858,0.010571000166237354,0.010215999558568001,0.010391999967396259,11271851
2025-07-06T00:00:00.000000Z,0.010391999967396259,0.010587999597191811,0.010281999595463276,0.010482000187039375,11862008
2025-07-07T00:00:00.000000Z,0.010482000187039375,0.010604999959468842,0.010219000279903412,0.010316000320017338,9170427
2025-07-08T00:00:00.000000Z,0.010316000320017338,0.01066299993544817,0.010247999802231789,0.010652000084519386,8601800
2025-07-09T00:00:00.000000Z,0.010652000084519386,0.011424999684095383,0.01054299995303154,0.011323000304400921,14953163
2025-07-10T00:00:00.000000Z,0.011323000304400921,0.012020999565720558,0.011247999966144562,0.011967999860644341,15988100
2025-07-11T00:00:00.000000Z,0.011967999860644341,0.012563999742269516,0.011819000355899334,0.012256000190973282,51776822
2025-07-12T00:00:00.000000Z,0.012256000190973282,0.012587999925017357,0.011880000121891499,0.012227999977767467,37339480
2025-07-13T00:00:00.000000Z,0.012227999977767467,0.01281800027936697,0.012175999581813812,0.012610999867320061,25329969
2025-07-14T00:00:00.000000Z,0.012610999867320061,0.013078999705612659,0.012159000150859356,0.012291000224649906,21771648
2025-07-15T00:00:00.000000Z,0.012291000224649906,0.012749000452458858,0.011876000091433525,0.012737000361084938,19712001
2025-07-16T00:00:00.000000Z,0.012737000361084938,0.013128999620676041,0.012523000128567219,0.012852000072598457,19397494
2025-07-17T00:00:00.000000Z,0.012852000072598457,0.013079999946057796,0.012533999979496002,0.012973999604582787,18544029
2025-07-18T00:00:00.000000Z,0.012973999604582787,0.013617999851703644,0.012701000086963177,0.012838000431656837,30568710
2025-07-19T00:00:00.000000Z,0.012838000431656837,0.013259000144898891,0.012590999715030193,0.013213000260293484,18038981
2025-07-20T00:00:00.000000Z,0.013213000260293484,0.013891000300645828,0.013117000460624695,0.013623000122606754,22362109
2025-07-21T00:00:00.000000Z,0.013623000122606754,0.013942000456154346,0.013346999883651733,0.01361399982124567,23080479
2025-07-22T00:00:00.000000Z,0.01361399982124567,0.013632000423967838,0.012924999929964542,0.013561000116169453,21920557
2025-07-23T00:00:00.000000Z,0.013561000116169453,0.013581999577581882,0.012037999927997589,0.012374999932944775,24454842
2025-07-24T00:00:00.000000Z,0.012374999932944775,0.012497999705374241,0.011582000181078911,0.011989000253379345,22152089
2025-07-25T00:00:00.000000Z,0.011989000253379345,0.012129999697208405,0.011590000241994858,0.012098999693989754,17405614
2025-07-26T00:00:00.000000Z,0.012098999693989754,0.012322999536991119,0.012041999958455563,0.012129000388085842,10759473
2025-07-27T00:00:00.000000Z,0.012129000388085842,0.012555999681353569,0.012122999876737595,0.01247899979352951,21039990
2025-07-28T00:00:00.000000Z,0.01247899979352951,0.012652000412344933,0.011661999858915806,0.011702000163495541,17391743
2025-07-29T00:00:00.000000Z,0.011702000163495541,0.012129000388085842,0.011494000442326069,0.011710000224411488,15813306
2025-07-30T00:00:00.000000Z,0.011710000224411488,0.011762999929487705,0.01105200033634901,0.011514999903738499,16059013
2025-07-31T00:00:00.000000Z,0.011514999903738499,0.011827000416815281,0.010929999873042107,0.010932999663054943,14336732
2025-08-01T00:00:00.000000Z,0.010932000353932381,0.010983999818563461,0.010381000116467476,0.010648000054061413,23012936
2025-08-02T00:00:00.000000Z,0.010648000054061413,0.010758000425994396,0.01019699964672327,0.010408000089228153,17309200
2025-08-03T00:00:00.000000Z,0.010408000089228153,0.010793000459671021,0.010333999991416931,0.010750000365078449,11157315
2025-08-04T00:00:00.000000Z,0.010750000365078449,0.011296000331640244,0.010738000273704529,0.011249000206589699,13632424
2025-08-05T00:00:00.000000Z,0.011249000206589699,0.011265999637544155,0.010680000297725201,0.010858999565243721,12418535
2025-08-06T00:00:00.000000Z,0.010858999565243721,0.011141999624669552,0.010642999783158302,0.01105200033634901,10901869
2025-08-07T00:00:00.000000Z,0.01105200033634901,0.011494999751448631,0.010971000418066978,0.011482999660074711,12111827
2025-08-08T00:00:00.000000Z,0.011482999660074711,0.011727999895811081,0.011367999948561192,0.011668999679386616,13667183
2025-08-09T00:00:00.000000Z,0.011668999679386616,0.012176999822258949,0.011668999679386616,0.012016000226140022,12733370
2025-08-10T00:00:00.000000Z,0.012016000226140022,0.012213000096380711,0.011656999588012695,0.01196299958974123,15373124
2025-08-11T00:00:00.000000Z,0.01196299958974123,0.012249000370502472,0.011153999716043472,0.011273999698460102,17519291
2025-08-12T00:00:00.000000Z,0.011273999698460102,0.012112000025808811,0.011171000078320503,0.012000000104308128,19011767
2025-08-13T00:00:00.000000Z,0.012000000104308128,0.012548999860882759,0.011904999613761902,0.012492000125348568,23443757
2025-08-14T00:00:00.000000Z,0.012492000125348568,0.012640000320971012,0.011215000413358212,0.011381999589502811,24337813
2025-08-15T00:00:00.000000Z,0.011381999589502811,0.011548000387847424,0.010844999924302101,0.011203999631106853,18596220
2025-08-16T00:00:00.000000Z,0.011203999631106853,0.011687999591231346,0.011203999631106853,0.01157000008970499,11337102
2025-08-17T00:00:00.000000Z,0.01157000008970499,0.011850999668240547,0.011452999897301197,0.011500000022351742,11971190
2025-08-18T00:00:00.000000Z,0.011500000022351742,0.011504000052809715,0.010890999808907509,0.011036000214517117,19917887
2025-08-19T00:00:00.000000Z,0.011036000214517117,0.011219000443816185,0.010699000209569931,0.010718000121414661,17270590
2025-08-20T00:00:00.000000Z,0.010718000121414661,0.011427000164985657,0.010714000090956688,0.011357000097632408,19097484
2025-08-21T00:00:00.000000Z,0.011357000097632408,0.011466999538242817,0.011175000108778477,0.011370999738574028,16654345
2025-08-22T00:00:00.000000Z,0.011370999738574028,0.012244000099599361,0.011075000278651714,0.012149999849498272,35901818
2025-08-23T00:00:00.000000Z,0.012149999849498272,0.012280999682843685,0.011899000033736229,0.012179000303149223,20940387
2025-08-24T00:00:00.000000Z,0.012178000062704086,0.012361000292003155,0.011583000421524048,0.011884000152349472,23350831
2025-08-25T00:00:00.000000Z,0.011884000152349472,0.012267000041902065,0.010998999699950218,0.011136000044643879,28042967
2025-08-26T00:00:00.000000Z,0.011136000044643879,0.011610000394284725,0.011014999821782112,0.011533999815583229,17269636
2025-08-27T00:00:00.000000Z,0.011533999815583229,0.01182399969547987,0.011370999738574028,0.011474000290036201,15306694
2025-08-28T00:00:00.000000Z,0.011474000290036201,0.012143000029027462,0.011388000100851059,0.011845000088214874,23873915
2025-08-29T00:00:00.000000Z,0.011846000328660011,0.011899000033736229,0.01103300042450428,0.01118099968880415,18055899
2025-08-30T00:00:00.000000Z,0.01118099968880415,0.011314000003039837,0.011075999587774277,0.011309999972581863,11234267
2025-08-31T00:00:00.000000Z,0.011309999972581863,0.011695000343024731,0.011229000054299831,0.011229000054299831,13575918
2025-09-01T00:00:00.000000Z,0.011229000054299831,0.011475999839603901,0.010858000256121159,0.011044999584555626,17160655
2025-09-02T00:00:00.000000Z,0.011044999584555626,0.011355999857187271,0.010974000208079815,0.011347999796271324,13723174
2025-09-03T00:00:00.000000Z,0.011347999796271324,0.01153900008648634,0.011168999597430229,0.011469000019133091,12269033
2025-09-04T00:00:00.000000Z,0.011469000019133091,0.011500000022351742,0.010912000201642513,0.010994000360369682,14555540
2025-09-05T00:00:00.000000Z,0.010994000360369682,0.011478000320494175,0.010985000059008598,0.011358000338077545,14019278
2025-09-06T00:00:00.000000Z,0.011358000338077545,0.01145199965685606,0.011181999929249287,0.011219000443816185,8904427
2025-09-07T00:00:00.000000Z,0.011219000443816185,0.011407000012695789,0.0112119996920228,0.011339999735355377,8833355
2025-09-08T00:00:00.000000Z,0.011339999735355377,0.011620000004768372,0.011246999725699425,0.011579000391066074,13610703
2025-09-09T00:00:00.000000Z,0.011579000391066074,0.012109999544918537,0.011479999870061874,0.011931000277400017,24279034
2025-09-10T00:00:00.000000Z,0.011931000277400017,0.012013999745249748,0.011641000397503376,0.011768000200390816,17022616
2025-09-11T00:00:00.000000Z,0.011768000200390816,0.011900999583303928,0.011652000248432159,0.011881999671459198,16566675
2025-09-12T00:00:00.000000Z,0.011881999671459198,0.012113999575376511,0.011699000373482704,0.012094000354409218,16031676
2025-09-13T00:00:00.000000Z,0.012094000354409218,0.012349000200629234,0.012032000347971916,0.012292000465095043,18708510
2025-09-14T00:00:00.000000Z,0.012292000465095043,0.012299000285565853,0.011683999560773373,0.011772000230848789,13136156
2025-09-15T00:00:00.000000Z,0.011772000230848789,0.011893000453710556,0.011242000386118889,0.011401000432670116,15097078
2025-09-16T00:00:00.000000Z,0.011401000432670116,0.011806000024080276,0.011272000148892403,0.011752000078558922,17279678
2025-09-17T00:00:00.000000Z,0.011752000078558922,0.012039000168442726,0.011455000378191471,0.012001999653875828,16474583
2025-09-18T00:00:00.000000Z,0.012001999653875828,0.012267000041902065,0.011890999972820282,0.01218700036406517,14726680
2025-09-19T00:00:00.000000Z,0.01218700036406517,0.012377999722957611,0.011800000444054604,0.011866999790072441,17064147
2025-09-20T00:00:00.000000Z,0.011866999790072441,0.0122079998254776,0.011851999908685684,0.012059000320732594,14622136
2025-09-21T00:00:00.000000Z,0.012059000320732594,0.012109000235795975,0.011708999983966351,0.011738000437617302,12691420
2025-09-22T00:00:00.000000Z,0.011738000437617302,0.011745999567210674,0.01066100038588047,0.010870999656617641,21436728
2025-09-23T00:00:00.000000Z,0.010870999656617641,0.010987999849021435,0.010665999725461006,0.010758000425994396,14252995
2025-09-24T00:00:00.000000Z,0.010758000425994396,0.011110999621450901,0.01065600011497736,0.010835000313818455,16009045
2025-09-25T00:00:00.000000Z,0.010835000313818455,0.010839000344276428,0.010069999843835831,0.010169999673962593,19619250
2025-09-26T00:00:00.000000Z,0.010169999673962593,0.010499999858438969,0.010119000449776649,0.01042999979108572,16444978
2025-09-27T00:00:00.000000Z,0.01042999979108572,0.010526999831199646,0.010212999768555164,0.010417000390589237,11689666
2025-09-28T00:00:00.000000Z,0.010417000390589237,0.010594000108540058,0.010178999975323677,0.010572999715805054,13186862
2025-09-29T00:00:00.000000Z,0.010572999715805054,0.010645000264048576,0.010262999683618546,0.010515999980270863,13964070
2025-09-30T00:00:00.000000Z,0.010515999980270863,0.010534999892115593,0.010104999877512455,0.010355999693274498,16483402
2025-10-01T00:00:00.000000Z,0.010355999693274498,0.011039000004529953,0.01026500016450882,0.011039000004529953,18267580
2025-10-02T00:00:00.000000Z,0.011039000004529953,0.011388000100851059,0.010962000116705894,0.011314000003039837,17135147
2025-10-03T00:00:00.000000Z,0.011314000003039837,0.011497000232338905,0.011064000427722931,0.011281999759376049,13999298
2025-10-04T00:00:00.000000Z,0.011281999759376049,0.011293999850749969,0.010693999938666821,0.010900000110268593,13703069
2025-10-05T00:00:00.000000Z,0.010900000110268593,0.011246999725699425,0.010804000310599804,0.010892000049352646,18973502
2025-10-06T00:00:00.000000Z,0.010892000049352646,0.011311000213027,0.010835000313818455,0.011195000261068344,14607705
2025-10-07T00:00:00.000000Z,0.011195000261068344,0.011234000325202942,0.010565999895334244,0.010573999956250191,16956389
2025-10-08T00:00:00.000000Z,0.010573999956250191,0.010968999937176704,0.010530999861657619,0.010874999687075615,16094676
2025-10-09T00:00:00.000000Z,0.010874999687075615,0.010898999869823456,0.010402999818325043,0.010641000233590603,15279546
2025-10-10T00:00:00.000000Z,0.010641000233590603,0.010978000238537788,0.0053799999877810478,0.0075869997963309288,41067848
2025-10-11T00:00:00.000000Z,0.0075869997963309288,0.0082019995898008347,0.0074269999749958515,0.0076299998909235001,24022945
2025-10-12T00:00:00.000000Z,0.0076299998909235001,0.0085270004346966743,0.0075420001521706581,0.0083900000900030136,15986601
2025-10-13T00:00:00.000000Z,0.0083900000900030136,0.008911999873816967,0.0082980003207921982,0.0088480003178119659,20247937
2025-10-14T00:00:00.000000Z,0.0088480003178119659,0.0089020002633333206,0.0081550003960728645,0.008839000016450882,22966592
2025-10-15T00:00:00.000000Z,0.008839000016450882,0.009019000455737114,0.0083689996972680092,0.0084490003064274788,17416939
2025-10-16T00:00:00.000000Z,0.0084490003064274788,0.0085599999874830246,0.0079579995945096016,0.0080260001122951508,15382424
2025-10-17T00:00:00.000000Z,0.0080260001122951508,0.0081949997693300247,0.0075050001032650471,0.0078940000385046005,14910793
2025-10-18T00:00:00.000000Z,0.0078940000385046005,0.0080380002036690712,0.0078400000929832458,0.0080110002309083939,8828010
2025-10-19T00:00:00.000000Z,0.0080110002309083939,0.0082179997116327286,0.0078640002757310867,0.0079990001395344734,10549047
2025-10-20T00:00:00.000000Z,0.0079990001395344734,0.0082700001075863838,0.0078429998829960823,0.0080159995704889297,11525872
2025-10-21T00:00:00.000000Z,0.0080169998109340668,0.0083699999377131462,0.0077650002203881741,0.007896999828517437,12035229
2025-10-22T00:00:00.000000Z,0.007896999828517437,0.007987000048160553,0.0075059998780488968,0.0076950001530349255,15831830
2025-10-23T00:00:00.000000Z,0.0076950001530349255,0.0079650003463029861,0.0076759997755289078,0.0078590000048279762,9903094
2025-10-24T00:00:00.000000Z,0.0078590000048279762,0.0080490000545978546,0.007815999910235405,0.0080140000209212303,9148396
2025-10-25T00:00:00.000000Z,0.0080140000209212303,0.0080249998718500137,0.0078840004280209541,0.0080000003799796104,7001998
2025-10-26T00:00:00.000000Z,0.0080000003799796104,0.0082139996811747551,0.007896999828517437,0.0081620002165436745,8852323
2025-10-27T00:00:00.000000Z,0.0081620002165436745,0.0082689998671412468,0.0078750001266598701,0.0079290000721812248,10406762
2025-10-28T00:00:00.000000Z,0.0079290000721812248,0.0080540003255009651,0.0076239998452365398,0.0077069997787475586,12209300
2025-10-29T00:00:00.000000Z,0.0077069997787475586,0.0079659996554255486,0.0076569998636841774,0.0077510001137852669,11531743
2025-10-30T00:00:00.000000Z,0.0077510001137852669,0.0078579997643828392,0.0070830001495778561,0.0072579998522996902,12577084
2025-10-31T00:00:00.000000Z,0.0072579998522996902,0.0075159999541938305,0.0072300001047551632,0.0074550001882016659,10725004
2025-11-01T00:00:00.000000Z,0.0074550001882016659,0.0076700001955032349,0.0074000000022351742,0.0076609998941421509,9068335
2025-11-02T00:00:00.000000Z,0.0076609998941421509,0.0078309997916221619,0.0074950000271201134,0.0078309997916221619,10410145
2025-11-03T00:00:00.000000Z,0.0078309997916221619,0.0078379996120929718,0.0066929999738931656,0.006802000105381012,17222877
2025-11-04T00:00:00.000000Z,0.006802000105381012,0.0070949997752904892,0.0064249997958540916,0.0067019998095929623,19557132
2025-11-05T00:00:00.000000Z,0.0067019998095929623,0.0070239999331533909,0.00636299978941679,0.0069840000942349434,12845435
2025-11-06T00:00:00.000000Z,0.0069840000942349434,0.007007999811321497,0.0066940002143383026,0.0069470000453293324,13475149
2025-11-07T00:00:00.000000Z,0.0069470000453293324,0.0081930002197623253,0.0069470000453293324,0.0079739997163414955,21937634
2025-11-08T00:00:00.000000Z,0.0079739997163414955,0.0081719998270273209,0.0075889998115599155,0.007906000129878521,12582429
2025-11-09T00:00:00.000000Z,0.007906000129878521,0.0079830000177025795,0.0075389998964965343,0.0078419996425509453,13127148
2025-11-10T00:00:00.000000Z,0.0078419996425509453,0.0081190001219511032,0.0076979999430477619,0.0079560000449419022,14355646
2025-11-11T00:00:00.000000Z,0.0079560000449419022,0.0081709995865821838,0.0074140001088380814,0.0074240001849830151,29194896
2025-11-12T00:00:00.000000Z,0.0074240001849830151,0.0078039998188614845,0.0071419999003410339,0.0072659999132156372,17375502
2025-11-13T00:00:00.000000Z,0.0072659999132156372,0.0075380001217126846,0.0068370001390576363,0.0070130000822246075,14708806
2025-11-14T00:00:00.000000Z,0.0070130000822246075,0.0071120001375675201,0.0067839999683201313,0.0068700001575052738,14244333
2025-11-15T00:00:00.000000Z,0.0068700001575052738,0.0071580000221729279,0.0068540000356733799,0.006926999893039465,9221429
2025-11-16T00:00:00.000000Z,0.006926999893039465,0.0070560001768171787,0.0065759997814893723,0.0067779999226331711,11485053
2025-11-17T00:00:00.000000Z,0.0067779999226331711,0.0069699999876320362,0.0064400001429021358,0.006577999796718359,13860826
2025-11-18T00:00:00.000000Z,0.006577999796718359,0.0068939998745918274,0.0064869998022913933,0.0068210000172257423,11188990
2025-11-19T00:00:00.000000Z,0.0068210000172257423,0.0068210000172257423,0.0063049998134374619,0.0065970001742243767,11919655
2025-11-20T00:00:00.000000Z,0.0065970001742243767,0.006802000105381012,0.0061260000802576542,0.0062850001268088818,13489712
2025-11-21T00:00:00.000000Z,0.0062850001268088818,0.0063849999569356441,0.0056659998372197151,0.0058309999294579029,22414419
2025-11-22T00:00:00.000000Z,0.0058309999294579029,0.0059179998934268951,0.0057219997979700565,0.0058050001971423626,9632514
2025-11-23T00:00:00.000000Z,0.0058050001971423626,0.0060120001435279846,0.0057879998348653316,0.0058729997836053371,9949468
2025-11-24T00:00:00.000000Z,0.0058729997836053371,0.0062319999560713768,0.0058320001699030399,0.0061300001107156277,10736781
2025-11-25T00:00:00.000000Z,0.0061300001107156277,0.006165000144392252,0.0059759998694062233,0.0061329999007284641,9094239
2025-11-26T00:00:00.000000Z,0.0061329999007284641,0.0061429999768733978,0.0058360002003610134,0.0059730000793933868,9109312
2025-11-27T00:00:00.000000Z,0.0059730000793933868,0.0060589998029172421,0.0059190001338720322,0.0060069998726248741,9242531
2025-11-28T00:00:00.000000Z,0.0060069998726248741,0.006111999973654747,0.0058749997988343239,0.0059159998781979084,12248293
2025-11-29T00:00:00.000000Z,0.0059159998781979084,0.0059650000184774399,0.0057600000873208046,0.005770999938249588,9495347
2025-11-30T00:00:00.000000Z,0.005770999938249588,0.0057939998805522919,0.0055959997698664665,0.0055970000103116035,8965684
2025-12-01T00:00:00.000000Z,0.0055970000103116035,0.0055970000103116035,0.0050869998522102833,0.0051799998618662357,13740273
2025-12-02T00:00:00.000000Z,0.0051799998618662357,0.0055889999493956566,0.005106000229716301,0.0055100000463426113,12689732
2025-12-03T00:00:00.000000Z,0.0055100000463426113,0.0056420001201331615,0.0054970001801848412,0.0055990000255405903,11547057
2025-12-04T00:00:00.000000Z,0.0055990000255405903,0.0056159999221563339,0.0053340001031756401,0.0053920000791549683,9573969
2025-12-05T00:00:00.000000Z,0.0053920000791549683,0.005437999963760376,0.0050260000862181187,0.0051529998891055584,12698748
2025-12-06T00:00:00.000000Z,0.0051529998891055584,0.0058849998749792576,0.0051520001143217087,0.0055769998580217361,29256010
2025-12-07T00:00:00.000000Z,0.0055769998580217361,0.0057080001570284367,0.0052609997801482677,0.0052889999933540821,16727825
2025-12-08T00:00:00.000000Z,0.0052889999933540821,0.0054999999701976776,0.0052689998410642147,0.0053159999661147594,10703961
2025-12-09T00:00:00.000000Z,0.0053159999661147594,0.0058280001394450665,0.0052720000967383385,0.0057179997675120831,12550970
2025-12-10T00:00:00.000000Z,0.0057179997675120831,0.0057410001754760742,0.0055080000311136246,0.0055329999886453152,10640105
2025-12-11T00:00:00.000000Z,0.0055329999886453152,0.0055329999886453152,0.0052299997769296169,0.0053880000486969948,11860730
2025-12-12T00:00:00.000000Z,0.0053880000486969948,0.0054290001280605793,0.0051029999740421772,0.0052390000782907009,9675437
2025-12-13T00:00:00.000000Z,0.0052390000782907009,0.0053579998202621937,0.0052359998226165771,0.0053019998595118523,7156886
2025-12-14T00:00:00.000000Z,0.0053019998595118523,0.0053070001304149628,0.005051999818533659,0.0050849998369812965,8386335
2025-12-15T00:00:00.000000Z,0.0050849998369812965,0.0051890001632273197,0.004757000133395195,0.0048770001158118248,10143122
2025-12-16T00:00:00.000000Z,0.0048770001158118248,0.0049879997968673706,0.0048349997960031033,0.004927000030875206,8078852
2025-12-17T00:00:00.000000Z,0.004927000030875206,0.0050019999034702778,0.0046080001629889011,0.0046379999257624149,10161270
2025-12-18T00:00:00.000000Z,0.0046379999257624149,0.0046919998712837696,0.0042940001003444195,0.0043629999272525311,12268270
2025-12-19T00:00:00.000000Z,0.0043629999272525311,0.0046910000964999199,0.0042960001155734062,0.0046410001814365387,10639795
2025-12-20T00:00:00.000000Z,0.0046410001814365387,0.0047229998745024204,0.004621999803930521,0.0046839998103678226,7424967
2025-12-21T00:00:00.000000Z,0.0046839998103678226,0.0046870000660419464,0.004459999967366457,0.0045130001381039619,9282620
2025-12-22T00:00:00.000000Z,0.0045130001381039619,0.0046720001846551895,0.0044829999096691608,0.0046020001173019409,10086284
2025-12-23T00:00:00.000000Z,0.0046020001173019409,0.0046640001237392426,0.0044749998487532139,0.0045630000531673431,8049202
2025-12-24T00:00:00.000000Z,0.0045630000531673431,0.0045920000411570072,0.0044459998607635498,0.0045790001749992371,7120031
2025-12-25T00:00:00.000000Z,0.0045790001749992371,0.0049319998361170292,0.0045619998127222061,0.0046109999530017376,11595465
2025-12-26T00:00:00.000000Z,0.0046109999530017376,0.0047550001181662083,0.0045630000531673431,0.0046790000051259995,8775836
2025-12-27T00:00:00.000000Z,0.0046790000051259995,0.0048810001462697983,0.0046509997919201851,0.0048790001310408115,8045299
2025-12-28T00:00:00.000000Z,0.0048790001310408115,0.0049339998513460159,0.0047599999234080315,0.0048070000484585762,7884907
2025-12-29T00:00:00.000000Z,0.0048070000484585762,0.0049299998208880424,0.0047240001149475574,0.004747999832034111,8624702
2025-12-30T00:00:00.000000Z,0.004747999832034111,0.0049299998208880424,0.0047289999201893806,0.0048409998416900635,11689014
2025-12-31T00:00:00.000000Z,0.0048409998416900635,0.0048509999178349972,0.0046450002118945122,0.0046769999898970127,9183533
2026-01-01T00:00:00.000000Z,0.0046769999898970127,0.0050630001351237297,0.0046520000323653221,0.0050329999066889286,9834904
2026-01-02T00:00:00.000000Z,0.0050329999066889286,0.005135000217705965,0.004918999969959259,0.0051219998858869076,10954487
2026-01-03T00:00:00.000000Z,0.0051219998858869076,0.0051770000718533993,0.0050010001286864281,0.0051110000349581242,9006775
2026-01-04T00:00:00.000000Z,0.0051110000349581242,0.0052720000967383385,0.0051090000197291374,0.0051770000718533993,10795199
2026-01-05T00:00:00.000000Z,0.0051770000718533993,0.0053440001793205738,0.0050769997760653496,0.0053090001456439495,10436895
2026-01-06T00:00:00.000000Z,0.0053090001456439495,0.0054770000278949738,0.0051629999652504921,0.0053920000791549683,11100586
2026-01-07T00:00:00.000000Z,0.0053920000791549683,0.0055340002290904522,0.0051299999468028545,0.0051890001632273197,14264987
2026-01-08T00:00:00.000000Z,0.0051890001632273197,0.0053909998387098312,0.0051509998738765717,0.0053059998899698257,13186389
2026-01-09T00:00:00.000000Z,0.0053059998899698257,0.0053759999573230743,0.0051690000109374523,0.0052109998650848866,9701264
2026-01-10T00:00:00.000000Z,0.0052109998650848866,0.0054290001280605793,0.0051449998281896114,0.0052869999781250954,9861879
2026-01-11T00:00:00.000000Z,0.0052869999781250954,0.005348999984562397,0.0051029999740421772,0.0051520001143217087,8095420
2026-01-12T00:00:00.000000Z,0.0051520001143217087,0.0061240000650286674,0.0051520001143217087,0.0056190001778304577,92657690
2026-01-13T00:00:00.000000Z,0.0056190001778304577,0.0059670000337064266,0.0052889999933540821,0.0058670002035796642,32319144
2026-01-14T00:00:00.000000Z,0.0058670002035796642,0.0059190001338720322,0.0056170001626014709,0.0056810001842677593,16565927
2026-01-15T00:00:00.000000Z,0.0056810001842677593,0.0056940000504255295,0.0054319999180734158,0.0054799998179078102,12206697
2026-01-16T00:00:00.000000Z,0.0054799998179078102,0.0057520000264048576,0.0054130000062286854,0.0057310000993311405,11570148
2026-01-17T00:00:00.000000Z,0.0057310000993311405,0.0060569997876882553,0.0057179997675120831,0.0058769998140633106,13863422
2026-01-18T00:00:00.000000Z,0.0058769998140633106,0.0059270001947879791,0.0054859998635947704,0.0054859998635947704,10712680
2026-01-19T00:00:00.000000Z,0.0054859998635947704,0.0054870001040399075,0.0050200000405311584,0.0053030000999569893,13748423
2026-01-20T00:00:00.000000Z,0.0053030000999569893,0.0053539997898042202,0.0049319998361170292,0.0049379998818039894,12265364
2026-01-21T00:00:00.000000Z,0.0049379998818039894,0.0051679997704923153,0.0049129999242722988,0.0050440002232789993,10794959
2026-01-22T00:00:00.000000Z,0.0050440002232789993,0.0051979999989271164,0.004927000030875206,0.0049530002288520336,9600507
2026-01-23T00:00:00.000000Z,0.0049530002288520336,0.0050909998826682568,0.0048940000124275684,0.0049510002136230469,8737490
2026-01-24T00:00:00.000000Z,0.0049510002136230469,0.0050200000405311584,0.0048989998176693916,0.004964000079780817,7262741
2026-01-25T00:00:00.000000Z,0.004964000079780817,0.0050320001319050789,0.0045850002206861973,0.0046689999289810658,11330946
2026-01-26T00:00:00.000000Z,0.0046689999289810658,0.0049140001647174358,0.0046689999289810658,0.0048839999362826347,8970062
2026-01-27T00:00:00.000000Z,0.0048839999362826347,0.0049589998088777065,0.004792999941855669,0.0049399998970329762,8914311
2026-01-28T00:00:00.000000Z,0.0049399998970329762,0.0049399998970329762,0.0048440000973641872,0.004883000161498785,8120871
2026-01-29T00:00:00.000000Z,0.0048839999362826347,0.0048879999667406082,0.0044669997878372669,0.0045710001140832901,10797667
2026-01-30T00:00:00.000000Z,0.0045710001140832901,0.0046199997887015343,0.0044220001436769962,0.0045719998888671398,10679952
2026-01-31T00:00:00.000000Z,0.0045719998888671398,0.0045960000716149807,0.0039220000617206097,0.0040899999439716339,12794639
2026-02-01T00:00:00.000000Z,0.0040899999439716339,0.0042309998534619808,0.0039630001410841942,0.0040389997884631157,10588047
2026-02-02T00:00:00.000000Z,0.0040389997884631157,0.0059759998694062233,0.0039229998365044594,0.0053710001520812511,191138462
2026-02-03T00:00:00.000000Z,0.0053710001520812511,0.007899000309407711,0.005061000119894743,0.0055080000311136246,348655537
2026-02-04T00:00:00.000000Z,0.0055080000311136246,0.0067650000564754009,0.0052120001055300236,0.0053790002129971981,138873985
2026-02-05T00:00:00.000000Z,0.0053790002129971981,0.005950000137090683,0.004253000020980835,0.004253000020980835,69627305
2026-02-06T00:00:00.000000Z,0.004253000020980835,0.004629999864846468,0.0038910000585019588,0.0044590001925826073,36799012
2026-02-07T00:00:00.000000Z,0.0044590001925826073,0.0044590001925826073,0.0041800001636147499,0.0042030001059174538,18345530
2026-02-08T00:00:00.000000Z,0.0042030001059174538,0.0053469999693334103,0.0040409998036921024,0.0045280000194907188,106127559
2026-02-09T00:00:00.000000Z,0.0045280000194907188,0.0048670000396668911,0.0043049999512732029,0.0044030002318322659,60748352
2026-02-10T00:00:00.000000Z,0.0044030002318322659,0.00445199990645051,0.0041370000690221786,0.0042200000025331974,21683402
2026-02-11T00:00:00.000000Z,0.0042200000025331974,0.0045719998888671398,0.004038000013679266,0.0043669999577105045,27218651
2026-02-12T00:00:00.000000Z,0.0043669999577105045,0.0047300001606345177,0.0043319999240338802,0.0045119998976588249,31713282
2026-02-13T00:00:00.000000Z,0.0045119998976588249,0.0045969998463988304,0.0043990002013742924,0.0045699998736381531,18026805
2026-02-14T00:00:00.000000Z,0.0045699998736381531,0.0046549998223781586,0.0044909999705851078,0.0046140002086758614,16349910
2026-02-15T00:00:00.000000Z,0.0046140002086758614,0.0046140002086758614,0.0042670001275837421,0.00432599987834692,14651078
2026-02-16T00:00:00.000000Z,0.00432599987834692,0.0043859998695552349,0.0042650001123547554,0.0043600001372396946,9239131
2026-02-17T00:00:00.000000Z,0.0043600001372396946,0.0043730000033974648,0.0042400001548230648,0.004253000020980835,10366578
2026-02-18T00:00:00.000000Z,0.004253000020980835,0.0042590000666677952,0.0040040002204477787,0.0040130000561475754,12807362
2026-02-19T00:00:00.000000Z,0.0040130000561475754,0.0041029998101294041,0.0039180000312626362,0.0040139998309314251,14914230
2026-02-20T00:00:00.000000Z,0.0040139998309314251,0.0041319997981190681,0.0039949999190866947,0.004120000172406435,11501326
2026-02-21T00:00:00.000000Z,0.004120000172406435,0.0045230002142488956,0.004120000172406435,0.004236999899148941,39462090
2026-02-22T00:00:00.000000Z,0.004236999899148941,0.004236999899148941,0.0040170000866055489,0.0040719998069107533,11867575
2026-02-23T00:00:00.000000Z,0.0040719998069107533,0.00432599987834692,0.0039360001683235168,0.0040850001387298107,26556200
2026-02-24T00:00:00.000000Z,0.0040850001387298107,0.0041220001876354218,0.0039889998733997345,0.0040049999952316284,12316892
2026-02-25T00:00:00.000000Z,0.0040049999952316284,0.0044669997878372669,0.0039989999495446682,0.0043159998022019863,19192844
2026-02-26T00:00:00.000000Z,0.0043159998022019863,0.0043600001372396946,0.0040910001844167709,0.0041539999656379223,14263218
2026-02-27T00:00:00.000000Z,0.0041539999656379223,0.0043239998631179333,0.0041370000690221786,0.0041760001331567764,12637421
2026-02-28T00:00:00.000000Z,0.0041760001331567764,0.0042050001211464405,0.003913000226020813,0.0041780001483857632,12320974
2026-03-01T00:00:00.000000Z,0.0041780001483857632,0.0043310001492500305,0.0040529998950660229,0.0041310000233352184,11713469
2026-03-02T00:00:00.000000Z,0.0041310000233352184,0.0043299999088048935,0.0040879999287426472,0.0042599998414516449,10102539
2026-03-03T00:00:00.000000Z,0.0042599998414516449,0.004280999768525362,0.0040540001355111599,0.0040989997796714306,9367494
2026-03-04T00:00:00.000000Z,0.0040989997796714306,0.0043950001709163189,0.0040110000409185886,0.00432599987834692,13037972
2026-03-05T00:00:00.000000Z,0.00432599987834692,0.004379000049084425,0.004201000090688467,0.004244999960064888,8922822
2026-03-06T00:00:00.000000Z,0.004244999960064888,0.0043879998847842216,0.0040569999255239964,0.0041399998590350151,15349230
2026-03-07T00:00:00.000000Z,0.0041399998590350151,0.0041439998894929886,0.0040429998189210892,0.0040719998069107533,7215472
2026-03-08T00:00:00.000000Z,0.0040719998069107533,0.0041269999928772449,0.0040119998157024384,0.0040460000745952129,8356756
2026-03-09T00:00:00.000000Z,0.0040460000745952129,0.0041490001603960991,0.0040400000289082527,0.0040770000778138638,8960584
2026-03-10T00:00:00.000000Z,0.0040770000778138638,0.0042110001668334007,0.0040770000778138638,0.0041140001267194748,8179888
2026-03-11T00:00:00.000000Z,0.0041140001267194748,0.0042070001363754272,0.0040939999744296074,0.0041570002213120461,8625168
2026-03-12T00:00:00.000000Z,0.0041570002213120461,0.0042289998382329941,0.004083000123500824,0.0042249998077750206,8642344
2026-03-13T00:00:00.000000Z,0.0042249998077750206,0.004280999768525362,0.0040810001082718372,0.0040879999287426472,9698865
2026-03-14T00:00:00.000000Z,0.0040879999287426472,0.0041169999167323112,0.0039800000376999378,0.0040540001355111599,7874682
2026-03-15T00:00:00.000000Z,0.0040540001355111599,0.0042730001732707024,0.0040400000289082527,0.0042469999752938747,12682276
2026-03-16T00:00:00.000000Z,0.0042469999752938747,0.0043979999609291553,0.0042249998077750206,0.0043919999152421951,10790894
2026-03-17T00:00:00.000000Z,0.0043919999152421951,0.0044169998727738857,0.0043040001764893532,0.004333999939262867,11020753
2026-03-18T00:00:00.000000Z,0.004333999939262867,0.0047209998592734337,0.0041029998101294041,0.004155999980866909,52521946
2026-03-19T00:00:00.000000Z,0.004155999980866909,0.0042050001211464405,0.0040939999744296074,0.0041510001756250858,10610094
2026-03-20T00:00:00.000000Z,0.0041510001756250858,0.0042179999873042107,0.0040629999712109566,0.0041430001147091389,9001796
2026-03-21T00:00:00.000000Z,0.0041430001147091389,0.0043319999240338802,0.0040600001811981201,0.0040620001964271069,17704272
2026-03-22T00:00:00.000000Z,0.0040620001964271069,0.0040620001964271069,0.0038479999639093876,0.0039009999018162489,9473483
2026-03-23T00:00:00.000000Z,0.0039009999018162489,0.004110999871045351,0.0038729999214410782,0.0040440000593662262,9001457
2026-03-24T00:00:00.000000Z,0.0040440000593662262,0.0040460000745952129,0.0039459997788071632,0.0040190001018345356,8380912
2026-03-25T00:00:00.000000Z,0.0040190001018345356,0.0040460000745952129,0.0039739999920129776,0.0040210001170635223,7498491
2026-03-26T00:00:00.000000Z,0.0040210001170635223,0.0040339999832212925,0.0038350000977516174,0.0038620000705122948,8416938
2026-03-27T00:00:00.000000Z,0.0038620000705122948,0.0039519998244941235,0.0037630000151693821,0.0037829999346286058,11152670
2026-03-28T00:00:00.000000Z,0.0037829999346286058,0.0038560000248253345,0.003734000027179718,0.0037479999009519815,13653930
2026-03-29T00:00:00.000000Z,0.0037479999009519815,0.0037930000107735395,0.003625999903306365,0.0036599999293684959,8795608
2026-03-30T00:00:00.000000Z,0.0036599999293684959,0.0038060001097619534,0.0036549998912960291,0.0037229999434202909,7386688
2026-03-31T00:00:00.000000Z,0.0037229999434202909,0.0038260000292211771,0.0036760000512003899,0.0038260000292211771,7836991
2026-04-01T00:00:00.000000Z,0.0038260000292211771,0.0039269998669624329,0.003797000041231513,0.0038880000356584787,8015733
2026-04-02T00:00:00.000000Z,0.0038880000356584787,0.0039169997908174992,0.0037559999618679285,0.0038119999226182699,9190017
2026-04-03T00:00:00.000000Z,0.0038119999226182699,0.0039320001378655434,0.0037920000031590462,0.003894000081345439,7858262
2026-04-04T00:00:00.000000Z,0.003894000081345439,0.0039079999551177025,0.0038350000977516174,0.0038350000977516174,6486598
2026-04-05T00:00:00.000000Z,0.0038350000977516174,0.0038449999410659075,0.0037390000652521849,0.0038209999911487103,6517125
2026-04-06T00:00:00.000000Z,0.0038209999911487103,0.0039189998060464859,0.0037920000031590462,0.0038260000292211771,7199670
2026-04-07T00:00:00.000000Z,0.0038260000292211771,0.0040460000745952129,0.0037819999270141125,0.0040389997884631157,8903818
2026-04-08T00:00:00.000000Z,0.0040389997884631157,0.0040440000593662262,0.0039149997755885124,0.0039189998060464859,7873183
2026-04-09T00:00:00.000000Z,0.0039189998060464859,0.003984999842941761,0.0038930000737309456,0.0039369999431073666,8437145
2026-04-10T00:00:00.000000Z,0.0039369999431073666,0.0039920001290738583,0.0039059999398887157,0.003957000095397234,8192684
2026-04-11T00:00:00.000000Z,0.003957000095397234,0.004002000205218792,0.0038910000585019588,0.00394099997356534,6649190
2026-04-12T00:00:00.000000Z,0.00394099997356534,0.0039869998581707478,0.0038079998921602964,0.00381499994546175,10367001
2026-04-13T00:00:00.000000Z,0.00381499994546175,0.0039809998124837875,0.0038119999226182699,0.0039809998124837875,7410135
2026-04-14T00:00:00.000000Z,0.0039809998124837875,0.0039880000986158848,0.0038640000857412815,0.0038840000052005053,6579415
2026-04-15T00:00:00.000000Z,0.0038840000052005053,0.003986000083386898,0.0038829999975860119,0.0039440002292394638,5875074
2026-04-16T00:00:00.000000Z,0.0039440002292394638,0.0041060000658035278,0.0039440002292394638,0.0040870001539587975,8516376
2026-04-17T00:00:00.000000Z,0.0040870001539587975,0.004207999911159277,0.0040159998461604118,0.0041359998285770416,9105340
2026-04-18T00:00:00.000000Z,0.0041359998285770416,0.004201000090688467,0.0040119998157024384,0.004036999773234129,7534176
2026-04-19T00:00:00.000000Z,0.004036999773234129,0.004036999773234129,0.0038930000737309456,0.003894000081345439,8586820
2026-04-20T00:00:00.000000Z,0.003894000081345439,0.0041450001299381256,0.003894000081345439,0.0040970002301037312,8062699
2026-04-21T00:00:00.000000Z,0.0040970002301037312,0.0041029998101294041,0.003984999842941761,0.0040549999102950096,7950698
2026-04-22T00:00:00.000000Z,0.0040549999102950096,0.004155999980866909,0.0040409998036921024,0.0040549999102950096,6540929
2026-04-23T00:00:00.000000Z,0.0040549999102950096,0.0040690000168979168,0.0039690001867711544,0.0040609999559819698,7044973
2026-04-24T00:00:00.000000Z,0.0040609999559819698,0.0041910000145435333,0.0040350002236664295,0.0041350000537931919,7801681
2026-04-25T00:00:00.000000Z,0.0041350000537931919,0.0041789999231696129,0.0040649999864399433,0.0041140001267194748,5668229
2026-04-26T00:00:00.000000Z,0.0041140001267194748,0.004207999911159277,0.0040799998678267002,0.004191999789327383,7376184
2026-04-27T00:00:00.000000Z,0.004191999789327383,0.0042139999568462372,0.0040139998309314251,0.0040790000930428505,7903228
2026-04-28T00:00:00.000000Z,0.0040790000930428505,0.0040959999896585941,0.0040230001322925091,0.0040449998341500759,6020776
2026-04-29T00:00:00.000000Z,0.0040449998341500759,0.0041140001267194748,0.003886000020429492,0.0039699999615550041,7283066
2026-04-30T00:00:00.000000Z,0.0039699999615550041,0.0040029999800026417,0.0039300001226365566,0.0039420002140104771,6205333
2026-05-01T00:00:00.000000Z,0.0039420002140104771,0.004036999773234129,0.00394099997356534,0.0039869998581707478,5932256
2026-05-02T00:00:00.000000Z,0.0039869998581707478,0.0041009997949004173,0.0039829998277127743,0.0040799998678267002,5751085
2026-05-03T00:00:00.000000Z,0.0040799998678267002,0.0041060000658035278,0.0040259999223053455,0.0040810001082718372,5792278
2026-05-04T00:00:00.000000Z,0.0040810001082718372,0.0042139999568462372,0.0040620001964271069,0.0041260002180933952,8371718
2026-05-05T00:00:00.000000Z,0.0041260002180933952,0.0043569998815655708,0.0041260002180933952,0.0042289998382329941,79281820
2026-05-06T00:00:00.000000Z,0.0042289998382329941,0.0047240001149475574,0.0042289998382329941,0.0043870001100003719,46656366
2026-05-07T00:00:00.000000Z,0.0043870001100003719,0.0043910001404583454,0.0042240000329911709,0.0042659998871386051,14731283
2026-05-08T00:00:00.000000Z,0.0042659998871386051,0.0043779998086392879,0.0042139999568462372,0.0043750000186264515,9166220
2026-05-09T00:00:00.000000Z,0.0043750000186264515,0.0044080000370740891,0.0042739999480545521,0.0042949998751282692,8209760
2026-05-10T00:00:00.000000Z,0.0042949998751282692,0.0044570001773536205,0.0042329998686909676,0.004414999857544899,8623552
2026-05-11T00:00:00.000000Z,0.004414999857544899,0.004453000146895647,0.0042920000851154327,0.004424000158905983,9177157
2026-05-12T00:00:00.000000Z,0.004424000158905983,0.0044390000402927399,0.004236999899148941,0.0042869998142123222,9132172
2026-05-13T00:00:00.000000Z,0.0042869998142123222,0.0043739997781813145,0.0041310000233352184,0.0041620000265538692,7186981
2026-05-14T00:00:00.000000Z,0.0041620000265538692,0.0042690001428127289,0.0041140001267194748,0.0041939998045563698,6849789
2026-05-15T00:00:00.000000Z,0.0041939998045563698,0.0042320000939071178,0.0039750002324581146,0.0040179998613893986,7700892
2026-05-16T00:00:00.000000Z,0.0040179998613893986,0.0040489998646080494,0.0038709999062120914,0.0039739999920129776,6307635
2026-05-17T00:00:00.000000Z,0.0039739999920129776,0.0040119998157024384,0.0038449999410659075,0.0038920000661164522,6951372
2026-05-18T00:00:00.000000Z,0.0038920000661164522,0.0039610001258552074,0.0038540000095963478,0.0039450000040233135,7224468
2026-05-19T00:00:00.000000Z,0.0039450000040233135,0.0039659999310970306,0.0038590000476688147,0.0038719999138265848,5985855
2026-05-20T00:00:00.000000Z,0.0038719999138265848,0.0039809998124837875,0.0038610000628978014,0.0039610001258552074,6094504
2026-05-21T00:00:00.000000Z,0.0039610001258552074,0.0040620001964271069,0.0039610001258552074,0.0040170000866055489,4902860
2026-05-22T00:00:00.000000Z,0.0040170000866055489,0.0040690000168979168,0.0038640000857412815,0.0038739999290555716,5698243
2026-05-23T00:00:00.000000Z,0.0038739999290555716,0.004038000013679266,0.0037990000564604998,0.003992999903857708,5168067
2026-05-24T00:00:00.000000Z,0.003992999903857708,0.0039989999495446682,0.0038389998953789473,0.0038719999138265848,4537397
2026-05-25T00:00:00.000000Z,0.0038719999138265848,0.0039510000497102737,0.0038699998985975981,0.0039059999398887157,3944090
2026-05-26T00:00:00.000000Z,0.0039059999398887157,0.0039519998244941235,0.0038499999791383743,0.0039029999170452356,6025155
2026-05-27T00:00:00.000000Z,0.0039029999170452356,0.0039340001530945301,0.0038270000368356705,0.0038419999182224274,5913533
2026-05-28T00:00:00.000000Z,0.0038419999182224274,0.0038910000585019588,0.003671000013127923,0.0037700000684708357,7373585
2026-05-29T00:00:00.000000Z,0.0037700000684708357,0.003797000041231513,0.0036689999978989363,0.0037380000576376915,5390339
2026-05-30T00:00:00.000000Z,0.0037380000576376915,0.0038280000444501638,0.0037380000576376915,0.0037799999117851257,3909100
2026-05-31T00:00:00.000000Z,0.0037799999117851257,0.0038320000749081373,0.003742000088095665,0.0037950000260025263,6106981
2026-06-01T00:00:00.000000Z,0.0037950000260025263,0.0038570000324398279,0.0037159998901188374,0.0037760001141577959,10067036
2026-06-02T00:00:00.000000Z,0.0037760001141577959,0.003777999896556139,0.0034690001048147678,0.003519000019878149,10929026
2026-06-03T00:00:00.000000Z,0.003519000019878149,0.0036190000828355551,0.003490000031888485,0.0035310001112520695,10739468
2026-06-04T00:00:00.000000Z,0.0035310001112520695,0.0035470000002533197,0.0032579998951405287,0.0033889999613165855,14116525
2026-06-05T00:00:00.000000Z,0.0033889999613165855,0.0033939999993890524,0.0029629999771714211,0.0030439998954534531,17491476
2026-06-06T00:00:00.000000Z,0.0030439998954534531,0.0030940000433474779,0.0028870000969618559,0.0030310000292956829,7201364
2026-06-07T00:00:00.000000Z,0.0030310000292956829,0.0031419999431818724,0.0029780000913888216,0.0030720001086592674,5567259
2026-06-08T00:00:00.000000Z,0.0030720001086592674,0.0031530000269412994,0.0030070000793784857,0.0031059999018907547,6268662
2026-06-09T00:00:00.000000Z,0.0031059999018907547,0.0031089999247342348,0.0029980000108480453,0.0030580000020563602,5402050
2026-06-10T00:00:00.000000Z,0.0030580000020563602,0.0031159999780356884,0.0029549999162554741,0.002988999942317605,6129818
2026-06-11T00:00:00.000000Z,0.002988999942317605,0.0031560000497847795,0.002988999942317605,0.0031340001150965691,4762990
2026-06-12T00:00:00.000000Z,0.0031340001150965691,0.0031560000497847795,0.0030910000205039978,0.0031010000966489315,4532077
2026-06-13T00:00:00.000000Z,0.0031010000966489315,0.003223000094294548,0.0031010000966489315,0.0032170000486075878,4176902
2026-06-14T00:00:00.000000Z,0.0032170000486075878,0.0032659999560564756,0.0031340001150965691,0.003258999902755022,3886849
2026-06-15T00:00:00.000000Z,0.003258999902755022,0.0033760000951588154,0.0032520000822842121,0.0032800000626593828,5932558
2026-06-16T00:00:00.000000Z,0.0032800000626593828,0.0033209999091923237,0.003212000010535121,0.0032550001051276922,4767551
2026-06-17T00:00:00.000000Z,0.0032550001051276922,0.0033160001039505005,0.0032089999876916409,0.0032550001051276922,4510421
2026-06-18T00:00:00.000000Z,0.0032550001051276922,0.0032760000322014093,0.0030730001162737608,0.0031449999660253525,4744364
2026-06-19T00:00:00.000000Z,0.0031449999660253525,0.003186000045388937,0.003085999982431531,0.0031099999323487282,4782539
2026-06-20T00:00:00.000000Z,0.0031099999323487282,0.0031640001107007265,0.0030920000281184912,0.0031340001150965691,4044437
2026-06-21T00:00:00.000000Z,0.0031340001150965691,0.0031830000225454569,0.0031069999095052481,0.0031139999628067017,3713811
2026-06-22T00:00:00.000000Z,0.0031139999628067017,0.0031810000073164701,0.003077999921515584,0.0030960000585764647,4388952
2026-06-23T00:00:00.000000Z,0.0030960000585764647,0.0031649998854845762,0.0029810001142323017,0.0030390000902116299,10357920
2026-06-24T00:00:00.000000Z,0.0030390000902116299,0.0030489999335259199,0.0028409999795258045,0.0029470000881701708,6175273
2026-06-25T00:00:00.000000Z,0.0029470000881701708,0.0029680000152438879,0.0027729999274015427,0.0028729999903589487,6415705
2026-06-26T00:00:00.000000Z,0.0028729999903589487,0.002979000099003315,0.0028019999153912067,0.0029559999238699675,5791031
2026-06-27T00:00:00.000000Z,0.0029559999238699675,0.0029949999880045652,0.0029090000316500664,0.0029120000544935465,3790378
2026-06-28T00:00:00.000000Z,0.0029120000544935465,0.0029400000348687172,0.0028959999326616526,0.0029289999511092901,3834035
2026-06-29T00:00:00.000000Z,0.0029289999511092901,0.0030179999303072691,0.0029150000773370266,0.0029390000272542238,6103188
2026-06-30T00:00:00.000000Z,0.0029390000272542238,0.0029390000272542238,0.0028200000524520874,0.0028560000937432051,4047115
2026-07-01T00:00:00.000000Z,0.0028560000937432051,0.0029660000000149012,0.0028150000143796206,0.0029319999739527702,5089059
2026-07-02T00:00:00.000000Z,0.0029319999739527702,0.0030129998922348022,0.0029299999587237835,0.0029899999499320984,4584974
2026-07-03T00:00:00.000000Z,0.0029899999499320984,0.0030730001162737608,0.0029829998966306448,0.0030690000858157873,3846997
2026-07-04T00:00:00.000000Z,0.0030690000858157873,0.003338000038638711,0.0030330000445246696,0.0031620000954717398,10873307
2026-07-05T00:00:00.000000Z,0.0031620000954717398,0.0031630001030862331,0.0030580000020563602,0.0031059999018907547,4333935
2026-07-06T00:00:00.000000Z,0.0031059999018907547,0.0031270000617951155,0.0030010000336915255,0.0030930000357329845,3965467
2026-07-07T00:00:00.000000Z,0.0030930000357329845,0.003103999886661768,0.0029800001066178083,0.0029939999803900719,4116718
2026-07-08T00:00:00.000000Z,0.0029939999803900719,0.0030410001054406166,0.002933999989181757,0.0030060000717639923,3738832
2026-07-09T00:00:00.000000Z,0.0030060000717639923,0.0030400000978261232,0.0029869999270886183,0.0030010000336915255,2392614
2026-07-10T00:00:00.000000Z,0.0030010000336915255,0.003060000017285347,0.002988999942317605,0.0030119998846203089,2751189
2026-07-11T00:00:00.000000Z,0.0030119998846203089,0.0031580000650137663,0.0030050000641494989,0.0030219999607652426,5644907
2026-07-12T00:00:00.000000Z,0.0030219999607652426,0.0031049998942762613,0.002951999893411994,0.0029539999086409807,4854270
2026-07-13T00:00:00.000000Z,0.0029539999086409807,0.0029879999347031116,0.0029090000316500664,0.0029690000228583813,2645254
2026-07-14T00:00:00.000000Z,0.0029690000228583813,0.0030229999683797359,0.0029309999663382769,0.0029929999727755785,2713051
2026-07-15T00:00:00.000000Z,0.0029929999727755785,0.0030400000978261232,0.0029800001066178083,0.0030070000793784857,2863349
2026-07-16T00:00:00.000000Z,0.0030070000793784857,0.0030330000445246696,0.0029400000348687172,0.0029430000577121973,2949301
2026-07-17T00:00:00.000000Z,0.0029430000577121973,0.0029609999619424343,0.0028780000284314156,0.0028830000665038824,3034806
2026-07-18T00:00:00.000000Z,0.0028830000665038824,0.0028870000969618559,0.0028220000676810741,0.0028260000981390476,3781862
2026-07-19T00:00:00.000000Z,0.0028260000981390476,0.002836999949067831,0.0026209999341517687,0.0026440001092851162,6371905
2026-07-20T00:00:00.000000Z,0.0026440001092851162,0.0026499999221414328,0.002440999960526824,0.0024659999180585146,42310658
2026-07-21T00:00:00.000000Z,0.0024659999180585146,0.0026140001136809587,0.0024349999148398638,0.002558999927714467,14547415
2026-07-22T00:00:00.000000Z,0.002558999927714467,0.0025599999353289604,0.0023390001151710749,0.0024449999909847975,14391389
2026-07-23T00:00:00.000000Z,0.0024449999909847975,0.0027350001037120819,0.0024240000639110804,0.0024870000779628754,23448183
2026-07-24T00:00:00.000000Z,0.0024870000779628754,0.0025400000158697367,0.0024349999148398638,0.0025309999473392963,6357294
2026-07-25T00:00:00.000000Z,0.0025309999473392963,0.0026499999221414328,0.0024790000170469284,0.0024939998984336853,7477087
2026-07-26T00:00:00.000000Z,0.0024939998984336853,0.0024939998984336853,0.0024099999573081732,0.002423000056296587,3126880
2026-07-27T00:00:00.000000Z,0.002423000056296587,0.0024270000867545605,0.0022789998911321163,0.0023199999704957008,3834458
2026-07-28T00:00:00.000000Z,0.0023199999704957008,0.0034090001136064529,0.0022940000053495169,0.0029130000621080399,48567954
2026-07-29T00:00:00.000000Z,0.0029130000621080399,0.0031109999399632215,0.0024770000018179417,0.0025559999048709869,32596918
2026-07-30T00:00:00.000000Z,0.0025559999048709869,0.0027340000960975885,0.0025160000659525394,0.002529999939724803,7460508
2026-07-31T00:00:00.000000Z,0.0025309999473392963,0.0026529999449849129,0.0025170000735670328,0.0026360000483691692,3790825
2026-08-01T00:00:00.000000Z,0.0026360000483691692,0.0027379998937249184,0.0026100000832229853,0.0026489999145269394,4998813
2026-08-02T00:00:00.000000Z,0.0026489999145269394,0.0026579999830573797,0.0025220001116394997,0.0025249999016523361,3084711
2026-08-03T00:00:00.000000Z,0.0025249999016523361,0.0025810000952333212,0.0025009999517351389,0.0025649999734014273,6140671
2026-08-04T00:00:00.000000Z,0.0025649999734014273,0.0026519999373704195,0.0024939998984336853,0.0025909999385476112,3933275
2026-08-05T00:00:00.000000Z,0.0025909999385476112,0.0026529999449849129,0.0025380000006407499,0.0026229999493807554,3284020
2026-08-06T00:00:00.000000Z,0.0026229999493807554,0.0026620000135153532,0.0025869999080896378,0.0026060000527650118,2522612
2026-08-07T00:00:00.000000Z,0.0026060000527650118,0.0026189999189227819,0.0023640000727027655,0.00241499999538064,4807564
2026-08-08T00:00:00.000000Z,0.00241499999538064,0.0024530000519007444,0.0024000001139938831,0.0024389999452978373,2492162
2026-08-09T00:00:00.000000Z,0.0024389999452978373,0.0024709999561309814,0.0023360000923275948,0.0023399998899549246,2766995
2026-08-10T00:00:00.000000Z,0.0023399998899549246,0.0024470000062137842,0.0023399998899549246,0.0023580000270158052,2760471
2026-08-11T00:00:00.000000Z,0.0023580000270158052,0.0024049999192357063,0.0023109999019652605,0.0023229999933391809,2208707
2026-08-12T00:00:00.000000Z,0.0023229999933391809,0.0024059999268501997,0.0022980000358074903,0.0023250000085681677,4112628
2026-08-13T00:00:00.000000Z,0.0023250000085681677,0.0023980000987648964,0.0023050000891089439,0.0023980000987648964,4087068
2026-08-14T00:00:00.000000Z,0.0023980000987648964,0.0024069999344646931,0.0022780001163482666,0.0023260000161826611,4097283
2026-08-15T00:00:00.000000Z,0.0023260000161826611,0.0023539999965578318,0.0022819999139755964,0.0022829999215900898,2937235
2026-08-16T00:00:00.000000Z,0.0022829999215900898,0.0023000000510364771,0.0022299999836832285,0.0022440000902861357,2415621
2026-08-17T00:00:00.000000Z,0.0022440000902861357,0.0022740000858902931,0.0022239999379962683,0.0022470001131296158,1838484
2026-08-18T00:00:00.000000Z,0.0022470001131296158,0.0022909999825060368,0.0021869998890906572,0.0022579999640583992,2465942
2026-08-19T00:00:00.000000Z,0.0022579999640583992,0.0024260000791400671,0.0022440000902861357,0.0023960000835359097,2673006
2026-08-20T00:00:00.000000Z,0.0023960000835359097,0.0025200000964105129,0.0023960000835359097,0.0025190000887960196,3005312
2026-08-21T00:00:00.000000Z,0.0025190000887960196,0.0027840000111609697,0.0025140000507235527,0.0027550000231713057,4989080
2026-08-22T00:00:00.000000Z,0.0027550000231713057,0.0029819998890161514,0.0026179999113082886,0.0027240000199526548,5856124
2026-08-23T00:00:00.000000Z,0.0027240000199526548,0.0028739999979734421,0.002612000098451972,0.0028299998957663774,3901588
2026-08-24T00:00:00.000000Z,0.0028299998957663774,0.0028419999871402979,0.0026990000624209642,0.0027360001113265753,3067915
2026-08-25T00:00:00.000000Z,0.0027360001113265753,0.0028129999991506338,0.0026630000211298466,0.0026869999710470438,2493359
2026-08-26T00:00:00.000000Z,0.0026869999710470438,0.0027989998925477266,0.0026199999265372753,0.0027429999317973852,2044896
2026-08-27T00:00:00.000000Z,0.0027429999317973852,0.0027799999807029963,0.0026710000820457935,0.0026910000015050173,2206656
2026-08-28T00:00:00.000000Z,0.0026910000015050173,0.0027320000808686018,0.0025359999854117632,0.0026000000070780516,6413053
2026-08-29T00:00:00.000000Z,0.0026000000070780516,0.0026199999265372753,0.0025420000310987234,0.0025470000691711903,1329581
2026-08-30T00:00:00.000000Z,0.0025470000691711903,0.0026529999449849129,0.0024830000475049019,0.0025140000507235527,2003362
2026-08-31T00:00:00.000000Z,0.0025140000507235527,0.0026640000287443399,0.0025140000507235527,0.0025859999004751444,10801247
2026-09-01T00:00:00.000000Z,0.0025859999004751444,0.0027540000155568123,0.0025609999429434538,0.0026620000135153532,11080816
2026-09-02T00:00:00.000000Z,0.0026620000135153532,0.0026849999558180571,0.002604000037536025,0.0026340000331401825,3281186
2026-09-03T00:00:00.000000Z,0.0026340000331401825,0.0027670001145452261,0.0026249999646097422,0.0027439999394118786,2874034
2026-09-04T00:00:00.000000Z,0.0027439999394118786,0.0027550000231713057,0.0026620000135153532,0.0027429999317973852,2848265
2026-09-05T00:00:00.000000Z,0.0027429999317973852,0.0028399999719113111,0.0027340000960975885,0.0028260000981390476,2033258
2026-09-06T00:00:00.000000Z,0.0028260000981390476,0.0029539999086409807,0.0028260000981390476,0.0029170000925660133,1877311
2026-09-07T00:00:00.000000Z,0.0029170000925660133,0.0029309999663382769,0.0028589998837560415,0.002899999963119626,2189282
2026-09-08T00:00:00.000000Z,0.002899999963119626,0.0031699999235570431,0.0028540000785142183,0.0030390000902116299,6235874
2026-09-09T00:00:00.000000Z,0.0030390000902116299,0.0030739998910576105,0.0027350001037120819,0.0027699999045580626,5732681
2026-09-10T00:00:00.000000Z,0.0027699999045580626,0.0027759999502450228,0.0026219999417662621,0.0026229999493807554,2968294
2026-09-11T00:00:00.000000Z,0.0026229999493807554,0.0027459999546408653,0.0025790000800043344,0.0026829999405890703,2537384
2026-09-12T00:00:00.000000Z,0.0026829999405890703,0.0027469999622553587,0.0026829999405890703,0.0027139999438077211,1848017
2026-09-13T00:00:00.000000Z,0.0027139999438077211,0.0032689999788999557,0.0027129999361932278,0.0029609999619424343,22055502
2026-09-14T00:00:00.000000Z,0.0029609999619424343,0.0030429998878389597,0.0029060000088065863,0.0029249999206513166,5710093
2026-09-16T00:00:00.000000Z,0.0027711181901395321,0.0028561127837747335,0.0027327637653797865,0.0028399126604199409,17646878
